# Al      
#HF@5Z: -241.88084401
#HF@6Z: -241.88080700
#          Ccsd         Ppl          Mp2          Rest         cPpl         (T)         
[56]   -0.05281100   0.02569100  -0.04032200  -0.03818100   0.00000000  -0.00135500
12     -0.05154927   0.02298788  -0.03664519  -0.03789195   0.02516203  -0.00117685
16     -0.05183042   0.02361182  -0.03754561  -0.03789663   0.02532426  -0.00122292
20     -0.05201479   0.02395606  -0.03803330  -0.03793756   0.02541434  -0.00125847
24     -0.05220523   0.02424964  -0.03837350  -0.03808137   0.02551690  -0.00128116
28     -0.05228535   0.02444535  -0.03865136  -0.03807934   0.02555359  -0.00129079
32     -0.05234060   0.02461645  -0.03888877  -0.03806828   0.02558219  -0.00129860
nw5z   -0.05248260   0.02490731  -0.03922776  -0.03816215   0.02566901  -0.00132105
