# B       
#HF@5Z: -24.53316840
#HF@6Z: -24.53315300
#          Ccsd         Ppl          Mp2          Rest         cPpl         (T)         
[56]   -0.06738700   0.03043900  -0.04954200  -0.04828400   0.00000000  -0.00153700
12     -0.06528532   0.02735335  -0.04547426  -0.04716441   0.02936401  -0.00126948
16     -0.06574332   0.02798841  -0.04631881  -0.04741292   0.02962314  -0.00133737
20     -0.06602989   0.02842075  -0.04701494  -0.04743569   0.02973920  -0.00137383
24     -0.06632921   0.02879957  -0.04739166  -0.04773712   0.02993779  -0.00141145
28     -0.06642541   0.02895858  -0.04764504  -0.04773895   0.02997087  -0.00142184
32     -0.06653268   0.02912682  -0.04787784  -0.04778166   0.03002015  -0.00143200
nw5z   -0.06696654   0.02971393  -0.04834576  -0.04833470   0.03036857  -0.00150409
