# B[1]    
#HF@5Z: -24.23754648
#HF@6Z: -24.23756900
#          Ccsd         Ppl          Mp2          Rest         cPpl         (T)         
[56]   -0.06132300   0.03560500  -0.03941100  -0.05751700   0.00000000   0.00000000
12     -0.05941485   0.03202650  -0.03603467  -0.05540669   0.03403050   0.00000000
16     -0.05951143   0.03244819  -0.03663931  -0.05532030   0.03411766   0.00000000
20     -0.05978676   0.03293129  -0.03726152  -0.05545653   0.03426112   0.00000000
24     -0.05983010   0.03317466  -0.03757988  -0.05542489   0.03431628   0.00000000
28     -0.05985949   0.03332318  -0.03778380  -0.05539887   0.03434302   0.00000000
32     -0.05988421   0.03344025  -0.03794957  -0.05537489   0.03436010   0.00000000
nw5z   -0.06116136   0.03512044  -0.03872081  -0.05756100   0.03557204   0.00000000
