# C       
#HF@5Z: -37.69371263
#HF@6Z: -37.69373200
#          Ccsd         Ppl          Mp2          Rest         cPpl         (T)         
[56]   -0.09320000   0.03072000  -0.07643600  -0.04748400   0.00000000  -0.00255100
12     -0.09020288   0.02778121  -0.07128320  -0.04670089   0.02974348  -0.00221212
16     -0.09099001   0.02855085  -0.07258918  -0.04695169   0.03006862  -0.00232451
20     -0.09149008   0.02897484  -0.07331029  -0.04715462   0.03024297  -0.00237100
24     -0.09178004   0.02926870  -0.07377598  -0.04727276   0.03035842  -0.00240856
28     -0.09204825   0.02954513  -0.07411016  -0.04748322   0.03051712  -0.00246195
32     -0.09213134   0.02963499  -0.07428028  -0.04748605   0.03053930  -0.00247261
nw5z   -0.09220511   0.02971597  -0.07442077  -0.04750031   0.03056700  -0.00248391
