# C2H2    
#HF@5Z: -76.85443864
#HF@6Z: -76.85456500
#          Ccsd         Ppl          Mp2          Rest         cPpl         (T)         
[56]   -0.34749800   0.10556700  -0.34581400  -0.10725100   0.00000000  -0.01873600
12     -0.32939431   0.09264259  -0.31668552  -0.10535138   0.10322771  -0.01683190
16     -0.33503028   0.09592694  -0.32455369  -0.10640353   0.10417179  -0.01752503
20     -0.33789175   0.09789403  -0.32896898  -0.10681681   0.10466579  -0.01787044
24     -0.33966776   0.09916505  -0.33183028  -0.10700253   0.10492132  -0.01804698
28     -0.34082639   0.10003886  -0.33377876  -0.10708650   0.10508627  -0.01817140
32     -0.34167684   0.10073046  -0.33526656  -0.10714074   0.10521196  -0.01826235
nw5z   -0.34352180   0.10240472  -0.33877053  -0.10715598   0.10550824  -0.01844358
