# C2H4    
#HF@5Z: -78.07048995
#HF@6Z: -78.07063600
#          Ccsd         Ppl          Mp2          Rest         cPpl         (T)         
[56]   -0.38615800   0.11047300  -0.37244500  -0.12418600   0.00000000  -0.01707200
12     -0.36456916   0.09531719  -0.33805816  -0.12182819   0.10761640  -0.01508677
16     -0.37093838   0.09898412  -0.34686671  -0.12305579   0.10866606  -0.01580381
20     -0.37465907   0.10136052  -0.35238813  -0.12363145   0.10927818  -0.01614211
24     -0.37684731   0.10287323  -0.35583133  -0.12388920   0.10961513  -0.01635073
28     -0.37826981   0.10391722  -0.35817728  -0.12400975   0.10981431  -0.01648151
32     -0.37930843   0.10473132  -0.35996331  -0.12407643   0.10997172  -0.01657372
nw5z   -0.38201796   0.10717110  -0.36509722  -0.12409184   0.11039789  -0.01680025
