# C[-1]   
#HF@5Z: -37.71026304
#HF@6Z: -37.71030200
#          Ccsd         Ppl          Mp2          Rest         cPpl         (T)         
[56]   -0.11961900   0.03590200  -0.10786100  -0.04766000   0.00000000  -0.00547700
12     -0.11635764   0.03291221  -0.10220205  -0.04706781   0.03497736  -0.00498298
16     -0.11727110   0.03361293  -0.10346505  -0.04741898   0.03531239  -0.00515419
20     -0.11776971   0.03410807  -0.10444908  -0.04742871   0.03545706  -0.00521855
24     -0.11818661   0.03441752  -0.10493468  -0.04766945   0.03558986  -0.00530850
28     -0.11833413   0.03457637  -0.10525074  -0.04765975   0.03563229  -0.00532776
32     -0.11843157   0.03467617  -0.10544315  -0.04766459   0.03566227  -0.00534433
nw5z   -0.11843157   0.03467617  -0.10544315  -0.04766459   0.03566227  -0.00534433
