# C[1]    
#HF@5Z: -37.29680201
#HF@6Z: -37.29683400
#          Ccsd         Ppl          Mp2          Rest         cPpl         (T)         
[56]   -0.07869500   0.03234800  -0.05762200  -0.05342200   0.00000000  -0.00135000
12     -0.07586664   0.02926102  -0.05326352  -0.05186414   0.03106791  -0.00109612
16     -0.07646442   0.02988669  -0.05423576  -0.05211535   0.03133797  -0.00114928
20     -0.07690857   0.03034832  -0.05490875  -0.05234815   0.03154980  -0.00119346
24     -0.07742797   0.03085620  -0.05524241  -0.05304177   0.03192808  -0.00124029
28     -0.07758394   0.03104954  -0.05555617  -0.05307731   0.03198857  -0.00124952
32     -0.07766741   0.03116043  -0.05576086  -0.05306699   0.03201303  -0.00125752
nw5z   -0.07802157   0.03159322  -0.05614503  -0.05346977   0.03228251  -0.00131572
