# CH      
#HF@5Z: -38.28450174
#HF@6Z: -38.28453300
#          Ccsd         Ppl          Mp2          Rest         cPpl         (T)         
[56]   -0.13465100   0.04379000  -0.11458200  -0.06385800   0.00000000  -0.00394000
12     -0.12868749   0.03852073  -0.10470115  -0.06250707   0.04215837  -0.00329805
16     -0.13035948   0.03982179  -0.10713581  -0.06304547   0.04270526  -0.00349877
20     -0.13127367   0.04058152  -0.10861505  -0.06324014   0.04296955  -0.00360042
24     -0.13189979   0.04112624  -0.10960512  -0.06342091   0.04316783  -0.00367147
28     -0.13230119   0.04149237  -0.11030381  -0.06348975   0.04327753  -0.00370879
32     -0.13264470   0.04183120  -0.11076832  -0.06370758   0.04344315  -0.00377408
nw5z   -0.13326968   0.04248301  -0.11188112  -0.06387157   0.04366045  -0.00386020
