# CH2_Sym3B1
#HF@5Z: -38.94093515
#HF@6Z: -38.94100300
#          Ccsd         Ppl          Mp2          Rest         cPpl         (T)         
[56]   -0.14691500   0.04036900  -0.13184700  -0.05543700   0.00000000  -0.00410200
12     -0.14103953   0.03580326  -0.12219005  -0.05465274   0.03914031  -0.00364041
16     -0.14273779   0.03693318  -0.12467180  -0.05499918   0.03956297  -0.00379795
20     -0.14365066   0.03760961  -0.12612284  -0.05513743   0.03978166  -0.00387127
24     -0.14419642   0.03804008  -0.12703427  -0.05520223   0.03991672  -0.00391583
28     -0.14459922   0.03836432  -0.12765824  -0.05530530   0.04002700  -0.00395448
32     -0.14485173   0.03857792  -0.12809925  -0.05533041   0.04008369  -0.00397480
nw5z   -0.14538872   0.03910296  -0.12911609  -0.05537559   0.04022555  -0.00401698
