# CH2_Sym1A1
#HF@5Z: -38.89601573
#HF@6Z: -38.89608200
#          Ccsd         Ppl          Mp2          Rest         cPpl         (T)         
[56]   -0.17560100   0.05631800  -0.15569200  -0.07622800   0.00000000  -0.00566200
12     -0.16582704   0.04819823  -0.13992527  -0.07410000   0.05416165  -0.00445579
16     -0.16862733   0.05013530  -0.14388778  -0.07487484   0.05484373  -0.00483816
20     -0.17020604   0.05139732  -0.14625668  -0.07534668   0.05530353  -0.00503902
24     -0.17121023   0.05219918  -0.14784415  -0.07556526   0.05552946  -0.00515700
28     -0.17193085   0.05282345  -0.14893539  -0.07581891   0.05574864  -0.00527163
32     -0.17239176   0.05322662  -0.14976789  -0.07585049   0.05583254  -0.00531438
nw5z   -0.17388044   0.05474085  -0.15236794  -0.07625335   0.05629628  -0.00556206
