# CH3[-1] 
#HF@5Z: -39.52657538
#HF@6Z: -39.52672600
#          Ccsd         Ppl          Mp2          Rest         cPpl         (T)         
[56]   -0.24215200   0.07219200  -0.23573800  -0.07860600   0.00000000  -0.01089600
12     -0.22882470   0.06172915  -0.21321417  -0.07733968   0.07010127  -0.00946801
16     -0.23272087   0.06422073  -0.21884573  -0.07809588   0.07088196  -0.00994318
20     -0.23494528   0.06580441  -0.22231819  -0.07843150   0.07129703  -0.01018379
24     -0.23634565   0.06687072  -0.22462712  -0.07858924   0.07155046  -0.01033692
28     -0.23725503   0.06761166  -0.22619891  -0.07866778   0.07170748  -0.01042650
32     -0.23790553   0.06817104  -0.22737309  -0.07870347   0.07181541  -0.01048718
nw5z   -0.23991617   0.07013237  -0.23136982  -0.07867872   0.07215075  -0.01066772
