# CH3Cl   
#HF@5Z: -499.15666211
#HF@6Z: -499.15689500
#          Ccsd         Ppl          Mp2          Rest         cPpl         (T)         
[56]   -0.44942600   0.12487000  -0.43169800  -0.14259800   0.00000000  -0.01947500
12     -0.42416276   0.10756434  -0.39221355  -0.13951356   0.12048906  -0.01696834
16     -0.43139494   0.11176383  -0.40232146  -0.14083731   0.12186210  -0.01778797
20     -0.43545919   0.11445789  -0.40844928  -0.14146780   0.12268847  -0.01820312
24     -0.43762852   0.11598461  -0.41185189  -0.14176123   0.12309962  -0.01843239
28     -0.43894197   0.11699341  -0.41402921  -0.14190617   0.12337186  -0.01857107
32     -0.43988633   0.11773854  -0.41564116  -0.14198371   0.12355529  -0.01866493
nw5z   -0.44167922   0.11925341  -0.41873797  -0.14219467   0.12395690  -0.01888119
