# CH3OH   
#HF@5Z: -115.10140152
#HF@6Z: -115.10161000
#          Ccsd         Ppl          Mp2          Rest         cPpl         (T)         
[56]   -0.49078900   0.12025700  -0.48494900  -0.12609700   0.00000000  -0.01791000
12     -0.46260570   0.10390360  -0.44331025  -0.12319904   0.11643725  -0.01573010
16     -0.47067204   0.10796423  -0.45402153  -0.12461474   0.11782267  -0.01648651
20     -0.47541274   0.11042123  -0.46057771  -0.12525627   0.11853115  -0.01686939
24     -0.47831696   0.11207845  -0.46483047  -0.12556494   0.11897033  -0.01711474
28     -0.48010089   0.11320968  -0.46760394  -0.12570663   0.11926219  -0.01725308
32     -0.48132779   0.11401475  -0.46955942  -0.12578312   0.11945997  -0.01734994
nw5z   -0.48380699   0.11596477  -0.47392541  -0.12584636   0.11997066  -0.01754252
