# CH3SH   
#HF@5Z: -437.76674771
#HF@6Z: -437.76701200
#          Ccsd         Ppl          Mp2          Rest         cPpl         (T)         
[56]   -0.43397800   0.12554200  -0.41341900  -0.14610100   0.00000000  -0.01903100
12     -0.40996699   0.10774391  -0.37451230  -0.14319860   0.12160667  -0.01654360
16     -0.41696634   0.11209051  -0.38449453  -0.14456233   0.12298419  -0.01739420
20     -0.42091952   0.11482992  -0.39056227  -0.14518716   0.12377656  -0.01781412
24     -0.42327554   0.11654079  -0.39433709  -0.14547925   0.12419555  -0.01806246
28     -0.42471553   0.11766751  -0.39675924  -0.14562380   0.12445597  -0.01821250
32     -0.42574226   0.11852454  -0.39856092  -0.14570588   0.12465556  -0.01831566
nw5z   -0.42819046   0.12074947  -0.40304624  -0.14589369   0.12517225  -0.01858536
