# CH4     
#HF@5Z: -40.21699592
#HF@6Z: -40.21708200
#          Ccsd         Ppl          Mp2          Rest         cPpl         (T)         
[56]   -0.23300200   0.06528900  -0.21896200  -0.07933000   0.00000000  -0.00725300
12     -0.21985329   0.05561183  -0.19751757  -0.07794756   0.06333546  -0.00621499
16     -0.22366555   0.05792795  -0.20293028  -0.07866322   0.06403161  -0.00659157
20     -0.22591956   0.05943949  -0.20633825  -0.07902079   0.06445885  -0.00676958
24     -0.22727236   0.06038886  -0.20848484  -0.07917637   0.06467333  -0.00688411
28     -0.22810237   0.06102446  -0.20988009  -0.07924673   0.06480298  -0.00694957
32     -0.22877659   0.06155889  -0.21104166  -0.07929382   0.06491408  -0.00699590
nw5z   -0.23076943   0.06341554  -0.21489673  -0.07928824   0.06525453  -0.00713210
