# CH[-1]  
#HF@5Z: -38.30005426
#HF@6Z: -38.30011100
#          Ccsd         Ppl          Mp2          Rest         cPpl         (T)         
[56]   -0.15949600   0.04756700  -0.14613600  -0.06092600   0.00000000  -0.00702600
12     -0.15346877   0.04233789  -0.13574755  -0.06005911   0.04614776  -0.00629957
16     -0.15527847   0.04373052  -0.13858804  -0.06042095   0.04664905  -0.00652169
20     -0.15618423   0.04445325  -0.14003897  -0.06059851   0.04689160  -0.00664445
24     -0.15678887   0.04499991  -0.14111042  -0.06067837   0.04705528  -0.00671701
28     -0.15722865   0.04537066  -0.14179416  -0.06080515   0.04717116  -0.00678162
32     -0.15749618   0.04561416  -0.14225214  -0.06085820   0.04723861  -0.00682139
nw5z   -0.15793923   0.04606191  -0.14310435  -0.06089679   0.04735184  -0.00688323
