# Cl      
#HF@5Z: -459.48978269
#HF@6Z: -459.48991600
#          Ccsd         Ppl          Mp2          Rest         cPpl         (T)         
[56]   -0.20903500   0.05929800  -0.19236700  -0.07596500   0.00000000  -0.00825700
12     -0.19869937   0.05194049  -0.17617654  -0.07446333   0.05636054  -0.00721793
16     -0.20147156   0.05382433  -0.18032892  -0.07496697   0.05714950  -0.00751024
20     -0.20268357   0.05477275  -0.18225723  -0.07519909   0.05754804  -0.00766712
24     -0.20317192   0.05520415  -0.18306852  -0.07530755   0.05773435  -0.00773551
28     -0.20349740   0.05541714  -0.18350331  -0.07541122   0.05783883  -0.00778925
32     -0.20370845   0.05554827  -0.18367578  -0.07558094   0.05793454  -0.00784476
nw5z   -0.20370845   0.05554827  -0.18367578  -0.07558094   0.05793454  -0.00784476
