# Cl2     
#HF@5Z: -919.01037637
#HF@6Z: -919.01074000
#          Ccsd         Ppl          Mp2          Rest         cPpl         (T)         
[56]   -0.47430000   0.13417500  -0.45663500  -0.15184100   0.00000000  -0.02416600
12     -0.44813709   0.11664951  -0.41655892  -0.14822769   0.12871734  -0.02117445
16     -0.45525775   0.12088655  -0.42660253  -0.14954177   0.13021473  -0.02205486
20     -0.45909955   0.12359996  -0.43255654  -0.15014297   0.13116684  -0.02254682
24     -0.46079093   0.12491198  -0.43522172  -0.15048119   0.13164971  -0.02280288
28     -0.46166839   0.12560078  -0.43665364  -0.15061553   0.13187791  -0.02293173
32     -0.46225680   0.12599582  -0.43733202  -0.15092061   0.13206366  -0.02308594
nw5z   -0.46259250   0.12615741  -0.43774104  -0.15100887   0.13211592  -0.02314147
