# Cl2[1]  
#HF@5Z: -918.61212471
#HF@6Z: -918.61253100
#          Ccsd         Ppl          Mp2          Rest         cPpl         (T)         
[56]   -0.44745800   0.12793500  -0.42925500  -0.14613800   0.00000000  -0.02483900
12     -0.42520584   0.11295255  -0.39504179  -0.14311660   0.12252797  -0.02225849
16     -0.43092990   0.11653186  -0.40333868  -0.14412307   0.12393652  -0.02298149
20     -0.43408049   0.11876898  -0.40823957  -0.14460989   0.12479490  -0.02338601
24     -0.43531879   0.11975669  -0.41019691  -0.14487857   0.12519303  -0.02358997
28     -0.43600032   0.12029090  -0.41126317  -0.14502805   0.12540709  -0.02370331
32     -0.43663576   0.12064589  -0.41192488  -0.14535677   0.12561404  -0.02386098
nw5z   -0.43672445   0.12069884  -0.41205334  -0.14536995   0.12563650  -0.02387541
