# Cl[1]   
#HF@5Z: -459.05745846
#HF@6Z: -459.05764300
#          Ccsd         Ppl          Mp2          Rest         cPpl         (T)         
[56]   -0.16704400   0.04863300  -0.14798200  -0.06769500   0.00000000  -0.00594300
12     -0.16029402   0.04375085  -0.13734414  -0.06670073   0.04660016  -0.00528734
16     -0.16180425   0.04488371  -0.13973749  -0.06695047   0.04707713  -0.00545998
20     -0.16240229   0.04536093  -0.14070112  -0.06706209   0.04727661  -0.00553223
24     -0.16268637   0.04561367  -0.14110839  -0.06719165   0.04740698  -0.00557826
28     -0.16300028   0.04580814  -0.14136700  -0.06744142   0.04754890  -0.00564050
32     -0.16303970   0.04583429  -0.14140508  -0.06746891   0.04756681  -0.00565063
nw5z   -0.16303970   0.04583430  -0.14140509  -0.06746891   0.04756681  -0.00565063
