# ClF     
#HF@5Z: -558.91945462
#HF@6Z: -558.91987200
#          Ccsd         Ppl          Mp2          Rest         cPpl         (T)         
[56]   -0.53306300   0.12555200  -0.52926000  -0.12935500   0.00000000  -0.02224000
12     -0.50220070   0.10990423  -0.48619800  -0.12590693   0.12087922  -0.01969032
16     -0.51070310   0.11396322  -0.49734165  -0.12732467   0.12238781  -0.02058328
20     -0.51554019   0.11610384  -0.50374248  -0.12790155   0.12309673  -0.02092343
24     -0.51830744   0.11751022  -0.50762082  -0.12819684   0.12355910  -0.02119256
28     -0.51967673   0.11825085  -0.50959264  -0.12833494   0.12380701  -0.02132522
32     -0.52050881   0.11870514  -0.51066023  -0.12855372   0.12397948  -0.02145157
nw5z   -0.52071129   0.11880059  -0.51091784  -0.12859405   0.12401135  -0.02147919
