# ClF[1]  
#HF@5Z: -558.49029398
#HF@6Z: -558.49076800
#          Ccsd         Ppl          Mp2          Rest         cPpl         (T)         
[56]   -0.49628600   0.11514100  -0.48815700  -0.12327100   0.00000000  -0.02148600
12     -0.47060630   0.10221664  -0.45260970  -0.12021324   0.11038659  -0.01937138
16     -0.47682087   0.10530144  -0.46062522  -0.12149709   0.11181011  -0.02008090
20     -0.48111897   0.10717602  -0.46636240  -0.12193259   0.11250413  -0.02036822
24     -0.48325119   0.10827237  -0.46931475  -0.12220881   0.11294302  -0.02059961
28     -0.48433231   0.10884678  -0.47083845  -0.12234064   0.11316511  -0.02069908
32     -0.48487500   0.10914534  -0.47148045  -0.12253989   0.11331989  -0.02078750
nw5z   -0.48494795   0.10918229  -0.47155471  -0.12257554   0.11334241  -0.02080321
