# ClO     
#HF@5Z: -534.31839358
#HF@6Z: -534.31874900
#          Ccsd         Ppl          Mp2          Rest         cPpl         (T)         
[56]   -0.47348600   0.11889100  -0.45604900  -0.13632800   0.00000000  -0.02244100
12     -0.44838044   0.10472427  -0.42019302  -0.13291168   0.11397981  -0.02001997
16     -0.45554421   0.10847659  -0.42971817  -0.13430263   0.11556284  -0.02082748
20     -0.45927053   0.11038352  -0.43474136  -0.13491269   0.11627220  -0.02117901
24     -0.46124018   0.11156643  -0.43756180  -0.13524481   0.11672656  -0.02141942
28     -0.46240704   0.11222735  -0.43922968  -0.13540471   0.11695890  -0.02155064
32     -0.46303564   0.11260613  -0.44001730  -0.13562448   0.11713464  -0.02166720
nw5z   -0.46320145   0.11268556  -0.44022053  -0.13566648   0.11717075  -0.02169207
