# CN      
#HF@5Z: -92.24016731
#HF@6Z: -92.24030100
#          Ccsd         Ppl          Mp2          Rest         cPpl         (T)         
[56]   -0.34016500   0.09743400  -0.30453000  -0.13306900   0.00000000  -0.02177600
12     -0.32366257   0.08725100  -0.28397512  -0.12693845   0.09369780  -0.01918977
16     -0.32894713   0.09004391  -0.28950784  -0.12948320   0.09505238  -0.02012076
20     -0.33144321   0.09154715  -0.29247453  -0.13051582   0.09568949  -0.02052716
24     -0.33320140   0.09263441  -0.29446681  -0.13136900   0.09617270  -0.02086165
28     -0.33421242   0.09333413  -0.29575205  -0.13179450   0.09645810  -0.02103866
32     -0.33487208   0.09377495  -0.29656275  -0.13208429   0.09664042  -0.02116801
nw5z   -0.33569073   0.09436488  -0.29744889  -0.13260671   0.09693071  -0.02135069
