# CN[-1]  
#HF@5Z: -92.34629105
#HF@6Z: -92.34642300
#          Ccsd         Ppl          Mp2          Rest         cPpl         (T)         
[56]   -0.37878100   0.10958700  -0.38951900  -0.09884900   0.00000000  -0.02250700
12     -0.35947673   0.09689406  -0.35957473  -0.09679606   0.10709783  -0.02039051
16     -0.36524814   0.10021675  -0.36756397  -0.09790091   0.10815187  -0.02117262
20     -0.36843656   0.10213758  -0.37227872  -0.09829542   0.10861875  -0.02153486
24     -0.37036073   0.10339481  -0.37528035  -0.09847518   0.10888064  -0.02174535
28     -0.37158041   0.10429284  -0.37730003  -0.09857321   0.10908497  -0.02188684
32     -0.37241319   0.10489816  -0.37868973  -0.09862162   0.10920208  -0.02198068
nw5z   -0.37367825   0.10591556  -0.38092523  -0.09866858   0.10940306  -0.02212888
