# CO2     
#HF@5Z: -187.72222934
#HF@6Z: -187.72255200
#          Ccsd         Ppl          Mp2          Rest         cPpl         (T)         
[56]   -0.66116000   0.15603000  -0.68776900  -0.12942000   0.00000000  -0.03373400
12     -0.62490870   0.13776912  -0.63707029  -0.12560753   0.15193746  -0.03069671
16     -0.63605464   0.14269373  -0.65116477  -0.12758359   0.15361392  -0.03185780
20     -0.64151633   0.14526182  -0.65856648  -0.12821168   0.15429431  -0.03231994
24     -0.64523123   0.14718103  -0.66386741  -0.12854484   0.15479910  -0.03266446
28     -0.64731128   0.14834620  -0.66693401  -0.12872347   0.15510038  -0.03286326
32     -0.64845276   0.14902971  -0.66870156  -0.12878091   0.15526822  -0.03295780
nw5z   -0.64960992   0.14975913  -0.67050514  -0.12886390   0.15546998  -0.03308355
