# CO[1]   
#HF@5Z: -112.31044238
#HF@6Z: -112.31063400
#          Ccsd         Ppl          Mp2          Rest         cPpl         (T)         
[56]   -0.35997400   0.09429000  -0.35015800  -0.10410600   0.00000000  -0.01911400
12     -0.34370504   0.08554507  -0.32872287  -0.10052725   0.09131882  -0.01734802
16     -0.34834857   0.08775703  -0.33425234  -0.10185326   0.09229662  -0.01792850
20     -0.35081991   0.08906406  -0.33733578  -0.10254819   0.09282471  -0.01823178
24     -0.35247732   0.08998117  -0.33947914  -0.10297935   0.09319665  -0.01845055
28     -0.35321690   0.09045435  -0.34044076  -0.10323049   0.09339758  -0.01856126
32     -0.35372240   0.09078804  -0.34110502  -0.10340542   0.09354484  -0.01863420
nw5z   -0.35416452   0.09108832  -0.34158528  -0.10366755   0.09371670  -0.01872316
