# COCl2   
#HF@5Z: -1031.82094738
#HF@6Z: -1031.82146200
#          Ccsd         Ppl          Mp2          Rest         cPpl         (T)         
[56]   -0.88974700   0.23322000  -0.89227500  -0.23069200   0.00000000  -0.04795100
12     -0.84049105   0.20389277  -0.81963369  -0.22475013   0.22524924  -0.04288064
16     -0.85465054   0.21130085  -0.83868568  -0.22726572   0.22780083  -0.04455654
20     -0.86232545   0.21572938  -0.84970313  -0.22835171   0.22919865  -0.04538991
24     -0.86664962   0.21831611  -0.85612445  -0.22884128   0.22994493  -0.04586950
28     -0.86894161   0.21988576  -0.85972073  -0.22910664   0.23041853  -0.04615099
32     -0.87045539   0.22086700  -0.86204335  -0.22927904   0.23069097  -0.04634306
nw5z   -0.87170955   0.22165304  -0.86372573  -0.22963687   0.23097559  -0.04658113
