# CS      
#HF@5Z: -435.36181667
#HF@6Z: -435.36205900
#          Ccsd         Ppl          Mp2          Rest         cPpl         (T)         
[56]   -0.35039400   0.11480600  -0.34633900  -0.11886200   0.00000000  -0.02470900
12     -0.33356941   0.10178071  -0.31845644  -0.11689369   0.11207974  -0.02248232
16     -0.33836075   0.10490664  -0.32549449  -0.11777291   0.11301238  -0.02317504
20     -0.34097689   0.10691124  -0.32975057  -0.11813756   0.11355919  -0.02355502
24     -0.34257107   0.10819946  -0.33245717  -0.11831336   0.11387453  -0.02379252
28     -0.34347044   0.10900443  -0.33407191  -0.11840296   0.11407869  -0.02391602
32     -0.34408006   0.10955507  -0.33518283  -0.11845230   0.11420876  -0.02400693
nw5z   -0.34500773   0.11038687  -0.33673565  -0.11865895   0.11445037  -0.02419987
