# CS2     
#HF@5Z: -832.98184693
#HF@6Z: -832.98226800
#          Ccsd         Ppl          Mp2          Rest         cPpl         (T)         
[56]   -0.56074700   0.17231900  -0.56785700  -0.16520900   0.00000000  -0.04107400
12     -0.53240067   0.15129764  -0.52209674  -0.16160157   0.16766297  -0.03733044
16     -0.54030030   0.15617323  -0.53339993  -0.16307360   0.16914262  -0.03850856
20     -0.54501450   0.15964101  -0.54087745  -0.16377805   0.17013966  -0.03915870
24     -0.54774096   0.16173738  -0.54536041  -0.16411793   0.17069893  -0.03953829
28     -0.54923534   0.16295941  -0.54789299  -0.16430176   0.17100365  -0.03976550
32     -0.55012543   0.16376296  -0.54950653  -0.16438186   0.17120978  -0.03989556
nw5z   -0.55146218   0.16483079  -0.55155316  -0.16473981   0.17152646  -0.04019600
