# F       
#HF@5Z: -99.41609784
#HF@6Z: -99.41627900
#          Ccsd         Ppl          Mp2          Rest         cPpl         (T)         
[56]   -0.24674100   0.04492500  -0.24056300  -0.05110300   0.00000000  -0.00538100
12     -0.23337989   0.03935455  -0.22298812  -0.04974631   0.04308374  -0.00476181
16     -0.23664148   0.04059103  -0.22703453  -0.05019798   0.04360947  -0.00494550
20     -0.23891042   0.04153595  -0.22990372  -0.05054265   0.04400570  -0.00506946
24     -0.23984658   0.04195426  -0.23118432  -0.05061652   0.04416738  -0.00513155
28     -0.24028405   0.04217586  -0.23180581  -0.05065410   0.04425811  -0.00516079
32     -0.24040529   0.04223317  -0.23196411  -0.05067435   0.04428536  -0.00517303
nw5z   -0.24040529   0.04223317  -0.23196411  -0.05067435   0.04428536  -0.00517303
