# F2      
#HF@5Z: -198.77437150
#HF@6Z: -198.77475200
#          Ccsd         Ppl          Mp2          Rest         cPpl         (T)         
[56]   -0.60057200   0.12814300  -0.60967600  -0.11904000   0.00000000  -0.02268300
12     -0.56659052   0.11430903  -0.56492003  -0.11597952   0.12497029  -0.02043691
16     -0.57643502   0.11780454  -0.57680994  -0.11742962   0.12608691  -0.02130320
20     -0.58149466   0.11984223  -0.58340708  -0.11792981   0.12672895  -0.02158465
24     -0.58511088   0.12134905  -0.58826596  -0.11819397   0.12710743  -0.02187991
28     -0.58645892   0.12198244  -0.59016319  -0.11827817   0.12729645  -0.02197418
32     -0.58723985   0.12239468  -0.59130886  -0.11832567   0.12742233  -0.02204390
nw5z   -0.58738980   0.12245542  -0.59148711  -0.11835811   0.12744622  -0.02206027
