# F[-1]   
#HF@5Z: -99.45926078
#HF@6Z: -99.45943000
#          Ccsd         Ppl          Mp2          Rest         cPpl         (T)         
[56]   -0.32276800   0.06382600  -0.33637200  -0.05022300   0.00000000  -0.01203100
12     -0.30413828   0.05589551  -0.31158414  -0.04844965   0.06179497  -0.01073901
16     -0.30909459   0.05765814  -0.31751835  -0.04923439   0.06241800  -0.01121003
20     -0.31224479   0.05900723  -0.32173015  -0.04952187   0.06286701  -0.01141052
24     -0.31396220   0.05970872  -0.32389110  -0.04977982   0.06306156  -0.01155615
28     -0.31504886   0.06022794  -0.32546066  -0.04981614   0.06321371  -0.01164719
32     -0.31562783   0.06049754  -0.32629591  -0.04982946   0.06328490  -0.01167396
nw5z   -0.31562783   0.06049754  -0.32629591  -0.04982946   0.06328490  -0.01167396
