# F[1]    
#HF@5Z: -98.84094705
#HF@6Z: -98.84114500
#          Ccsd         Ppl          Mp2          Rest         cPpl         (T)         
[56]   -0.18418700   0.03257900  -0.17285200  -0.04391300   0.00000000  -0.00286300
12     -0.17527061   0.02891232  -0.16122972  -0.04295321   0.03139399  -0.00254973
16     -0.17734868   0.02972566  -0.16379607  -0.04327827   0.03174817  -0.00263183
20     -0.17864445   0.03028328  -0.16543458  -0.04349315   0.03199556  -0.00270122
24     -0.17906556   0.03048645  -0.16601565  -0.04353637   0.03208434  -0.00272305
28     -0.17923622   0.03057003  -0.16624731  -0.04355895   0.03212480  -0.00273404
32     -0.17925285   0.03057934  -0.16626917  -0.04356303   0.03212978  -0.00273589
nw5z   -0.17925285   0.03057934  -0.16626917  -0.04356303   0.03212978  -0.00273589
