# H       
#HF@5Z:  -0.49999479
#HF@6Z:  -0.49999900
#          Ccsd         Ppl          Mp2          Rest         cPpl         (T)         
[56]   -0.00000000   0.00000000  -0.00000000  -0.00000000   0.00000000   0.00000000
12      0.00000000   0.00000000   0.00000000   0.00000000   0.00000000   0.00000000
16      0.00000000   0.00000000   0.00000000   0.00000000   0.00000000   0.00000000
20      0.00000000   0.00000000   0.00000000   0.00000000   0.00000000   0.00000000
24      0.00000000   0.00000000   0.00000000   0.00000000   0.00000000   0.00000000
28      0.00000000   0.00000000   0.00000000   0.00000000   0.00000000   0.00000000
32      0.00000000   0.00000000   0.00000000   0.00000000   0.00000000   0.00000000
nw5z    0.00000000   0.00000000   0.00000000   0.00000000   0.00000000   0.00000000
