# H2      
#HF@5Z:  -1.13363728
#HF@6Z:  -1.13365300
#          Ccsd         Ppl          Mp2          Rest         cPpl         (T)         
[56]   -0.04082300   0.01420500  -0.03423500  -0.02079300   0.00000000   0.00000000
12     -0.03906243   0.01226244  -0.03057634  -0.02074853   0.01382066   0.00000000
16     -0.03955998   0.01270771  -0.03144214  -0.02082554   0.01395888   0.00000000
20     -0.03978006   0.01295776  -0.03190739  -0.02083043   0.01402922   0.00000000
24     -0.03994405   0.01314705  -0.03225762  -0.02083348   0.01407571   0.00000000
28     -0.04009994   0.01328754  -0.03255119  -0.02083630   0.01409641   0.00000000
32     -0.04018679   0.01338793  -0.03273943  -0.02083529   0.01411773   0.00000000
nw5z   -0.04060338   0.01393030  -0.03372904  -0.02080464   0.01420576   0.00000000
