# H2CO    
#HF@5Z: -113.92224064
#HF@6Z: -113.92244100
#          Ccsd         Ppl          Mp2          Rest         cPpl         (T)         
[56]   -0.44684700   0.11336600  -0.44863100  -0.11158200   0.00000000  -0.01966500
12     -0.42186683   0.09926533  -0.41209766  -0.10903449   0.11014396  -0.01756239
16     -0.42938360   0.10294533  -0.42197673  -0.11035219   0.11138029  -0.01836576
20     -0.43321362   0.10493978  -0.42730532  -0.11084807   0.11194286  -0.01868349
24     -0.43587417   0.10640101  -0.43118180  -0.11109337   0.11231130  -0.01890954
28     -0.43738649   0.10737140  -0.43353868  -0.11121921   0.11256584  -0.01904557
32     -0.43836023   0.10800563  -0.43509047  -0.11127539   0.11271971  -0.01913091
nw5z   -0.44005876   0.10931820  -0.43804558  -0.11133138   0.11306731  -0.01927532
