# H2O     
#HF@5Z: -76.06696545
#HF@6Z: -76.06710700
#          Ccsd         Ppl          Mp2          Rest         cPpl         (T)         
[56]   -0.29842000   0.06836500  -0.30048600  -0.06629900   0.00000000  -0.00992300
12     -0.28222485   0.05974223  -0.27711245  -0.06485463   0.06635919  -0.00878368
16     -0.28662311   0.06180864  -0.28293264  -0.06549910   0.06708103  -0.00915591
20     -0.28940365   0.06314629  -0.28671703  -0.06583292   0.06747793  -0.00936963
24     -0.29101650   0.06401933  -0.28906653  -0.06596930   0.06772336  -0.00949900
28     -0.29195447   0.06457257  -0.29049840  -0.06602863   0.06787735  -0.00956727
32     -0.29259762   0.06495811  -0.29148939  -0.06606634   0.06797854  -0.00961559
nw5z   -0.29362129   0.06572391  -0.29324581  -0.06609939   0.06821326  -0.00969434
