# H2O2    
#HF@5Z: -150.85130492
#HF@6Z: -150.85149500
#          Ccsd         Ppl          Mp2          Rest         cPpl         (T)         
[56]   -0.56295700   0.13199100  -0.56973100  -0.12521700   0.00000000  -0.02293500
12     -0.53212227   0.11647622  -0.52630046  -0.12229803   0.12876401  -0.02052243
16     -0.54129942   0.12049152  -0.53807779  -0.12371315   0.13003592  -0.02139202
20     -0.54617983   0.12274514  -0.54461211  -0.12431286   0.13062427  -0.02178535
24     -0.54936030   0.12438345  -0.54915501  -0.12458875   0.13103956  -0.02205718
28     -0.55113121   0.12536546  -0.55178880  -0.12470787   0.13128015  -0.02220690
32     -0.55221116   0.12599338  -0.55343257  -0.12477196   0.13143233  -0.02229999
nw5z   -0.55357718   0.12694469  -0.55566883  -0.12485304   0.13172026  -0.02242433
