# H2O[1]  
#HF@5Z: -75.66528067
#HF@6Z: -75.66541900
#          Ccsd         Ppl          Mp2          Rest         cPpl         (T)         
[56]   -0.23792100   0.05323200  -0.22790200  -0.06325000   0.00000000  -0.00607900
12     -0.22616039   0.04700423  -0.21104185  -0.06212277   0.05144818  -0.00538985
16     -0.22936281   0.04853016  -0.21533738  -0.06255559   0.05205791  -0.00561943
20     -0.23123868   0.04947139  -0.21790538  -0.06280470   0.05239277  -0.00573677
24     -0.23234601   0.05007874  -0.21946917  -0.06295558   0.05261328  -0.00581344
28     -0.23296591   0.05044272  -0.22040135  -0.06300727   0.05273364  -0.00585608
32     -0.23335105   0.05068413  -0.22099945  -0.06303573   0.05281184  -0.00588134
nw5z   -0.23384395   0.05108505  -0.22186591  -0.06306309   0.05296518  -0.00591838
