# H2S     
#HF@5Z: -398.72005695
#HF@6Z: -398.72025400
#          Ccsd         Ppl          Mp2          Rest         cPpl         (T)         
[56]   -0.23730800   0.07300500  -0.22104400  -0.08926900   0.00000000  -0.01023200
12     -0.22491089   0.06291696  -0.20015431  -0.08767354   0.07044609  -0.00883133
16     -0.22844942   0.06532946  -0.20540468  -0.08837420   0.07126034  -0.00929306
20     -0.23040582   0.06687092  -0.20859514  -0.08868160   0.07175828  -0.00952256
24     -0.23151058   0.06779458  -0.21049405  -0.08881111   0.07201867  -0.00964970
28     -0.23217811   0.06839682  -0.21168915  -0.08888578   0.07218643  -0.00972933
32     -0.23263236   0.06882826  -0.21253880  -0.08892182   0.07230358  -0.00977979
nw5z   -0.23369630   0.06988173  -0.21447647  -0.08910157   0.07262475  -0.00993361
