# HCHO    
#HF@5Z: -113.92223922
#HF@6Z: -113.92244000
#          Ccsd         Ppl          Mp2          Rest         cPpl         (T)         
[56]   -0.44684800   0.11336700  -0.44863200  -0.11158300   0.00000000  -0.01966500
12     -0.42186779   0.09926608  -0.41209890  -0.10903497   0.11014488  -0.01756264
16     -0.42938457   0.10294610  -0.42197799  -0.11035267   0.11138117  -0.01836602
20     -0.43321457   0.10494054  -0.42730657  -0.11084855   0.11194372  -0.01868375
24     -0.43587512   0.10640178  -0.43118305  -0.11109385   0.11231214  -0.01890980
28     -0.43738744   0.10737217  -0.43353993  -0.11121968   0.11256668  -0.01904583
32     -0.43836118   0.10800641  -0.43509172  -0.11127587   0.11272054  -0.01913117
nw5z   -0.44005972   0.10931898  -0.43804684  -0.11133185   0.11306814  -0.01927559
