# HCl     
#HF@5Z: -460.11265538
#HF@6Z: -460.11282700
#          Ccsd         Ppl          Mp2          Rest         cPpl         (T)         
[56]   -0.25451900   0.07243900  -0.24187400  -0.08508300   0.00000000  -0.01079100
12     -0.24065992   0.06269802  -0.22012587  -0.08323207   0.06938390  -0.00933654
16     -0.24453696   0.06508112  -0.22564483  -0.08397326   0.07026275  -0.00978336
20     -0.24648829   0.06651002  -0.22874010  -0.08425820   0.07077505  -0.01000925
24     -0.24747215   0.06727528  -0.23033069  -0.08441674   0.07103651  -0.01013532
28     -0.24803061   0.06775522  -0.23130873  -0.08447710   0.07120004  -0.01019758
32     -0.24840250   0.06804578  -0.23193429  -0.08451399   0.07128282  -0.01024199
nw5z   -0.24894857   0.06848341  -0.23271842  -0.08471356   0.07146900  -0.01034980
