# HCl[1]  
#HF@5Z: -459.68972681
#HF@6Z: -459.68991300
#          Ccsd         Ppl          Mp2          Rest         cPpl         (T)         
[56]   -0.20991300   0.06039400  -0.19075500  -0.07955200   0.00000000  -0.00781100
12     -0.20001881   0.05328847  -0.17513853  -0.07816875   0.05778860  -0.00684750
16     -0.20248330   0.05495416  -0.17881136  -0.07862610   0.05848373  -0.00712646
20     -0.20379338   0.05592860  -0.18089071  -0.07883128   0.05885785  -0.00726584
24     -0.20438167   0.05641256  -0.18185996  -0.07893427   0.05904130  -0.00733383
28     -0.20474393   0.05673217  -0.18246556  -0.07901054   0.05917160  -0.00738085
32     -0.20500476   0.05693990  -0.18281913  -0.07912553   0.05927501  -0.00742664
nw5z   -0.20533597   0.05719992  -0.18326501  -0.07927089   0.05940625  -0.00748260
