# HCN     
#HF@5Z: -92.91319411
#HF@6Z: -92.91333700
#          Ccsd         Ppl          Mp2          Rest         cPpl         (T)         
[56]   -0.38126900   0.11122000  -0.38864500  -0.10384300   0.00000000  -0.02079800
12     -0.36205352   0.09884137  -0.35894248  -0.10195241   0.10905103  -0.01887123
16     -0.36781688   0.10198022  -0.36684996  -0.10294714   0.10993013  -0.01954024
20     -0.37097592   0.10390602  -0.37151517  -0.10336676   0.11040378  -0.01991004
24     -0.37283046   0.10510378  -0.37440378  -0.10353045   0.11064576  -0.02007983
28     -0.37406000   0.10596677  -0.37640531  -0.10362146   0.11081646  -0.02021425
32     -0.37489393   0.10658785  -0.37781362  -0.10366817   0.11093403  -0.02030352
nw5z   -0.37633859   0.10777757  -0.38042159  -0.10369457   0.11115613  -0.02044874
