# HCO     
#HF@5Z: -113.30275350
#HF@6Z: -113.30294700
#          Ccsd         Ppl          Mp2          Rest         cPpl         (T)         
[56]   -0.41407500   0.10413600  -0.41810900  -0.10010300   0.00000000  -0.02007600
12     -0.39367208   0.09261988  -0.38829091  -0.09800104   0.10073314  -0.01832333
16     -0.39960954   0.09561016  -0.39615214  -0.09906756   0.10195299  -0.01895725
20     -0.40279241   0.09727436  -0.40064037  -0.09942640   0.10250465  -0.01922083
24     -0.40482135   0.09843989  -0.40363946  -0.09962178   0.10288911  -0.01942093
28     -0.40596168   0.09917779  -0.40541263  -0.09972684   0.10313083  -0.01952971
32     -0.40669412   0.09965194  -0.40658511  -0.09976095   0.10326829  -0.01959328
nw5z   -0.40752730   0.10031337  -0.40801175  -0.09982892   0.10349550  -0.01967668
