# HCOOH   
#HF@5Z: -188.85891306
#HF@6Z: -188.85918700
#          Ccsd         Ppl          Mp2          Rest         cPpl         (T)         
[56]   -0.70546100   0.16514200  -0.71877100  -0.15183100   0.00000000  -0.03141000
12     -0.66583022   0.14456361  -0.66268142  -0.14771241   0.16044470  -0.02819989
16     -0.67770750   0.14995172  -0.67786127  -0.14979795   0.16227961  -0.02940061
20     -0.68392297   0.15291031  -0.68627933  -0.15055395   0.16309328  -0.02989500
24     -0.68801789   0.15505752  -0.69212227  -0.15095314   0.16366448  -0.03026468
28     -0.69035636   0.15640719  -0.69562212  -0.15114143   0.16401619  -0.03046868
32     -0.69184500   0.15728747  -0.69790662  -0.15122585   0.16423156  -0.03059236
nw5z   -0.69379289   0.15866514  -0.70112411  -0.15133392   0.16462734  -0.03077384
