# HF      
#HF@5Z: -100.07031451
#HF@6Z: -100.07051100
#          Ccsd         Ppl          Mp2          Rest         cPpl         (T)         
[56]   -0.31443400   0.06162700  -0.31960000  -0.05646100   0.00000000  -0.00888900
12     -0.29657623   0.05390386  -0.29558724  -0.05489286   0.05958683  -0.00787660
16     -0.30122043   0.05571274  -0.30139400  -0.05553917   0.06026187  -0.00823177
20     -0.30424432   0.05693395  -0.30533216  -0.05584612   0.06066246  -0.00837927
24     -0.30592887   0.05768877  -0.30764363  -0.05597401   0.06089271  -0.00850685
28     -0.30676851   0.05810611  -0.30885218  -0.05602244   0.06102870  -0.00855819
32     -0.30728911   0.05838835  -0.30962709  -0.05605037   0.06112110  -0.00859201
nw5z   -0.30767189   0.05864635  -0.31023126  -0.05608697   0.06122624  -0.00862289
