# HF[1]   
#HF@5Z: -99.54734021
#HF@6Z: -99.54753100
#          Ccsd         Ppl          Mp2          Rest         cPpl         (T)         
[56]   -0.24843500   0.04705400  -0.24073600  -0.05475400   0.00000000  -0.00530900
12     -0.23529423   0.04144862  -0.22322296  -0.05351990   0.04525042  -0.00471556
16     -0.23862902   0.04276483  -0.22744907  -0.05394479   0.04580297  -0.00490265
20     -0.24071132   0.04362976  -0.23010339  -0.05423769   0.04615541  -0.00500546
24     -0.24179515   0.04413081  -0.23158329  -0.05434267   0.04634967  -0.00507460
28     -0.24225998   0.04437433  -0.23225729  -0.05437701   0.04644386  -0.00509953
32     -0.24248098   0.04451018  -0.23259700  -0.05439416   0.04650151  -0.00511397
nw5z   -0.24261430   0.04461111  -0.23281331  -0.05441209   0.04655316  -0.00512627
