# HNCO    
#HF@5Z: -167.84330122
#HF@6Z: -167.84351800
#          Ccsd         Ppl          Mp2          Rest         cPpl         (T)         
[56]   -0.63587400   0.15748800  -0.65581900  -0.13754300   0.00000000  -0.03364000
12     -0.60113160   0.13856048  -0.60581397  -0.13387811   0.15336705  -0.03053854
16     -0.61193691   0.14360399  -0.61973947  -0.13580143   0.15502561  -0.03171741
20     -0.61715260   0.14629287  -0.62698881  -0.13645666   0.15574741  -0.03220113
24     -0.62075370   0.14825389  -0.63221507  -0.13679252   0.15624264  -0.03254282
28     -0.62288672   0.14954517  -0.63546091  -0.13697098   0.15656149  -0.03274771
32     -0.62415671   0.15034598  -0.63745703  -0.13704566   0.15674679  -0.03286586
nw5z   -0.62598346   0.15163345  -0.64049054  -0.13712636   0.15706991  -0.03304882
