# HOCl    
#HF@5Z: -534.93412293
#HF@6Z: -534.93445600
#          Ccsd         Ppl          Mp2          Rest         cPpl         (T)         
[56]   -0.51824800   0.13216800  -0.51349200  -0.13692400   0.00000000  -0.02349000
12     -0.48951900   0.11565720  -0.47152527  -0.13365092   0.12767136  -0.02080606
16     -0.49757249   0.11983622  -0.48238124  -0.13502747   0.12914837  -0.02168461
20     -0.50218367   0.12226258  -0.48881633  -0.13562992   0.12989264  -0.02211976
24     -0.50476984   0.12376069  -0.49259866  -0.13593188   0.13034268  -0.02238943
28     -0.50611608   0.12462309  -0.49467089  -0.13606828   0.13060100  -0.02253424
32     -0.50703168   0.12517271  -0.49604146  -0.13616293   0.13074927  -0.02263280
nw5z   -0.50784829   0.12572619  -0.49722504  -0.13634943   0.13095211  -0.02275761
