# N       
#HF@5Z: -54.40446909
#HF@6Z: -54.40453800
#          Ccsd         Ppl          Mp2          Rest         cPpl         (T)         
[56]   -0.12249200   0.02991100  -0.11043300  -0.04197100   0.00000000  -0.00312200
12     -0.11867370   0.02731288  -0.10460796  -0.04137862   0.02909220  -0.00283383
16     -0.11967073   0.02794280  -0.10582604  -0.04178749   0.02940600  -0.00293378
20     -0.12031787   0.02838867  -0.10686243  -0.04184411   0.02956372  -0.00298184
24     -0.12057028   0.02855147  -0.10724776  -0.04187398   0.02962480  -0.00300874
28     -0.12070097   0.02865138  -0.10746456  -0.04188780   0.02966165  -0.00301898
32     -0.12072994   0.02866990  -0.10749993  -0.04189991   0.02967105  -0.00302390
nw5z   -0.12072994   0.02866990  -0.10749993  -0.04189991   0.02967105  -0.00302390
