# N2_Sym2Sg
#HF@5Z: -108.98887385
#HF@6Z: -108.98904700
#          Ccsd         Ppl          Mp2          Rest         cPpl         (T)         
[56]   -0.41048500   0.11547400  -0.42461800  -0.10134100   0.00000000  -0.02197900
12     -0.39030822   0.10366064  -0.39456292  -0.09940594   0.11351252  -0.02008014
16     -0.39631728   0.10667874  -0.40261719  -0.10037883   0.11435778  -0.02073262
20     -0.39952881   0.10846343  -0.40722727  -0.10076497   0.11477661  -0.02107455
24     -0.40139999   0.10959239  -0.41007171  -0.10092067   0.11500176  -0.02125411
28     -0.40269985   0.11046075  -0.41215494  -0.10100566   0.11518377  -0.02138100
32     -0.40355725   0.11101669  -0.41352381  -0.10105013   0.11527759  -0.02147527
nw5z   -0.40452249   0.11172861  -0.41517433  -0.10107677   0.11542014  -0.02157200
