# N2_Sym2Sg[1]
#HF@5Z: -108.41017012
#HF@6Z: -108.41034000
#          Ccsd         Ppl          Mp2          Rest         cPpl         (T)         
[56]   -0.40934600   0.13112300  -0.43531400  -0.10515500   0.00000000  -0.02747800
12     -0.39414402   0.12150736  -0.41158731  -0.10406407   0.12932985  -0.02574311
16     -0.39860131   0.12396088  -0.41790516  -0.10465703   0.13004169  -0.02631833
20     -0.40090677   0.12537725  -0.42141232  -0.10487170   0.13040409  -0.02662645
24     -0.40228972   0.12630749  -0.42366714  -0.10493007   0.13059135  -0.02677935
28     -0.40323819   0.12696985  -0.42522161  -0.10498643   0.13073895  -0.02688867
32     -0.40385093   0.12741627  -0.42625932  -0.10500788   0.13083147  -0.02697595
nw5z   -0.40439914   0.12784373  -0.42722688  -0.10501599   0.13092294  -0.02704206
