# N2H4    
#HF@5Z: -111.23628298
#HF@6Z: -111.23653400
#          Ccsd         Ppl          Mp2          Rest         cPpl         (T)         
[56]   -0.50021400   0.12608400  -0.49541200  -0.13088600   0.00000000  -0.01969800
12     -0.47246934   0.10940055  -0.45379071  -0.12807917   0.12285426  -0.01739761
16     -0.48068033   0.11356764  -0.46473845  -0.12950952   0.12411937  -0.01818183
20     -0.48529814   0.11610375  -0.47127480  -0.13012709   0.12477630  -0.01860883
24     -0.48814521   0.11780415  -0.47552103  -0.13042833   0.12517235  -0.01885825
28     -0.48993375   0.11895883  -0.47832437  -0.13056821   0.12542847  -0.01900678
32     -0.49119640   0.11979893  -0.48034877  -0.13064656   0.12560228  -0.01911212
nw5z   -0.49386793   0.12189460  -0.48505091  -0.13071162   0.12606807  -0.01933628
