# N[1]    
#HF@5Z: -53.89387259
#HF@6Z: -53.89394000
#          Ccsd         Ppl          Mp2          Rest         cPpl         (T)         
[56]   -0.10055200   0.02929400  -0.08272100  -0.04712500   0.00000000  -0.00197800
12     -0.09698855   0.02663293  -0.07737509  -0.04624639   0.02836736  -0.00169932
16     -0.09796175   0.02736334  -0.07866184  -0.04666326   0.02874334  -0.00180033
20     -0.09850418   0.02772645  -0.07938608  -0.04684455   0.02889580  -0.00183435
24     -0.09881940   0.02799896  -0.07985793  -0.04696043   0.02901480  -0.00186873
28     -0.09904374   0.02818912  -0.08013501  -0.04709786   0.02912700  -0.00190521
32     -0.09911433   0.02825079  -0.08026265  -0.04710247   0.02914662  -0.00191249
nw5z   -0.09916405   0.02829270  -0.08034843  -0.04710832   0.02916263  -0.00191729
