# NH      
#HF@5Z: -54.98638916
#HF@6Z: -54.98647000
#          Ccsd         Ppl          Mp2          Rest         cPpl         (T)         
[56]   -0.17071100   0.04289800  -0.15644700  -0.05716300   0.00000000  -0.00487600
12     -0.16380762   0.03829717  -0.14580704  -0.05629775   0.04159001  -0.00437016
16     -0.16576172   0.03947721  -0.14861024  -0.05662869   0.04203660  -0.00453564
20     -0.16680195   0.04015165  -0.15013545  -0.05681815   0.04228673  -0.00461758
24     -0.16750850   0.04062369  -0.15117153  -0.05696066   0.04245780  -0.00468095
28     -0.16788904   0.04088607  -0.15175523  -0.05701987   0.04254296  -0.00471527
32     -0.16811655   0.04106812  -0.15214611  -0.05703856   0.04259946  -0.00473335
nw5z   -0.16837268   0.04129392  -0.15260359  -0.05706301   0.04267663  -0.00475760
