# NH2     
#HF@5Z: -55.59224546
#HF@6Z: -55.59233900
#          Ccsd         Ppl          Mp2          Rest         cPpl         (T)         
[56]   -0.22079100   0.05647900  -0.20937600  -0.06789400   0.00000000  -0.00703900
12     -0.21025667   0.04961059  -0.19307302  -0.06679424   0.05463302  -0.00623289
16     -0.21322833   0.05130680  -0.19727535  -0.06725978   0.05528105  -0.00650434
20     -0.21496057   0.05235420  -0.19979831  -0.06751645   0.05562971  -0.00664639
24     -0.21601403   0.05303901  -0.20138087  -0.06767218   0.05585927  -0.00673728
28     -0.21667922   0.05351046  -0.20247151  -0.06771817   0.05599317  -0.00678603
32     -0.21712689   0.05382424  -0.20318393  -0.06776720   0.05608218  -0.00682533
nw5z   -0.21796668   0.05454340  -0.20471044  -0.06779965   0.05628871  -0.00689372
