# NH2[-1] 
#HF@5Z: -55.55264558
#HF@6Z: -55.55278700
#          Ccsd         Ppl          Mp2          Rest         cPpl         (T)         
[56]   -0.28128400   0.07654100  -0.28626400  -0.07156100   0.00000000  -0.01367900
12     -0.26646851   0.06664592  -0.26277967  -0.07033476   0.07451588  -0.01206316
16     -0.27068326   0.06901231  -0.26866006  -0.07103551   0.07527469  -0.01259496
20     -0.27317763   0.07053985  -0.27235495  -0.07136254   0.07568392  -0.01287916
24     -0.27474792   0.07156605  -0.27479578  -0.07151819   0.07593518  -0.01305019
28     -0.27570842   0.07225819  -0.27638683  -0.07157977   0.07609885  -0.01314162
32     -0.27640207   0.07276530  -0.27755564  -0.07161173   0.07620393  -0.01321120
nw5z   -0.27792533   0.07405958  -0.28038044  -0.07160447   0.07648045  -0.01335992
