# NH3     
#HF@5Z: -56.22485194
#HF@6Z: -56.22495700
#          Ccsd         Ppl          Mp2          Rest         cPpl         (T)         
[56]   -0.26947700   0.06920100  -0.26429400  -0.07438400   0.00000000  -0.00933300
12     -0.25490376   0.05990635  -0.24180213  -0.07300798   0.06724166  -0.00817714
16     -0.25907459   0.06217679  -0.24753907  -0.07371230   0.06797866  -0.00856135
20     -0.26151330   0.06358137  -0.25107290  -0.07402177   0.06837381  -0.00878685
24     -0.26301148   0.06452361  -0.25336034  -0.07417474   0.06861061  -0.00891700
28     -0.26394268   0.06516545  -0.25486626  -0.07424187   0.06876664  -0.00898452
32     -0.26462604   0.06563630  -0.25598150  -0.07428084   0.06887079  -0.00903786
nw5z   -0.26626765   0.06699641  -0.25896432  -0.07429974   0.06918318  -0.00916277
