# NO      
#HF@5Z: -129.30748226
#HF@6Z: -129.30768900
#          Ccsd         Ppl          Mp2          Rest         cPpl         (T)         
[56]   -0.44662300   0.11174900  -0.44824600  -0.11012600   0.00000000  -0.02202200
12     -0.42517633   0.10043254  -0.41786397  -0.10774489   0.10859974  -0.02020534
16     -0.43152969   0.10343724  -0.42605924  -0.10890769   0.10976112  -0.02086036
20     -0.43483503   0.10507717  -0.43065598  -0.10925622   0.11026099  -0.02113173
24     -0.43686474   0.10622240  -0.43360433  -0.10948281   0.11062745  -0.02132329
28     -0.43804260   0.10688781  -0.43533168  -0.10959874   0.11082833  -0.02144403
32     -0.43871559   0.10730882  -0.43638927  -0.10963515   0.11094335  -0.02150242
nw5z   -0.43912036   0.10758190  -0.43700349  -0.10969877   0.11104262  -0.02154820
