# O       
#HF@5Z: -74.81885284
#HF@6Z: -74.81896100
#          Ccsd         Ppl          Mp2          Rest         cPpl         (T)         
[56]   -0.18173300   0.03802600  -0.17015300  -0.04960600   0.00000000  -0.00420000
12     -0.17367673   0.03384337  -0.15890118  -0.04861893   0.03669523  -0.00375571
16     -0.17562484   0.03477906  -0.16150374  -0.04890016   0.03707170  -0.00387349
20     -0.17701615   0.03549791  -0.16324504  -0.04926901   0.03739800  -0.00398430
24     -0.17756672   0.03579992  -0.16403709  -0.04932955   0.03751522  -0.00402639
28     -0.17779699   0.03594883  -0.16439964  -0.04934618   0.03757254  -0.00404399
32     -0.17786283   0.03598438  -0.16448744  -0.04935978   0.03759020  -0.00405206
nw5z   -0.17786283   0.03598438  -0.16448744  -0.04935978   0.03759020  -0.00405206
