# O2      
#HF@5Z: -149.67993653
#HF@6Z: -149.68019900
#          Ccsd         Ppl          Mp2          Rest         cPpl         (T)         
[56]   -0.49438900   0.11769200  -0.50655400  -0.10552800   0.00000000  -0.02341700
12     -0.47218061   0.10682865  -0.47579780  -0.10321146   0.11479682  -0.02160040
16     -0.47871526   0.10960512  -0.48402028  -0.10430010   0.11580081  -0.02223079
20     -0.48198624   0.11122911  -0.48855883  -0.10465652   0.11632723  -0.02249308
24     -0.48417593   0.11231374  -0.49164190  -0.10484777   0.11664996  -0.02271451
28     -0.48505965   0.11281587  -0.49296987  -0.10490565   0.11679480  -0.02278910
32     -0.48548823   0.11308299  -0.49363335  -0.10493787   0.11687945  -0.02283505
nw5z   -0.48556926   0.11311583  -0.49371449  -0.10497060   0.11689739  -0.02284425
