# O2[1]   
#HF@5Z: -149.22065691
#HF@6Z: -149.22092600
#          Ccsd         Ppl          Mp2          Rest         cPpl         (T)         
[56]   -0.50421600   0.13754800  -0.53515200  -0.10661200   0.00000000  -0.02718200
12     -0.48224039   0.12662715  -0.50407990  -0.10478764   0.13505895  -0.02528054
16     -0.48881001   0.12952145  -0.51266130  -0.10567016   0.13602515  -0.02597221
20     -0.49188270   0.13099825  -0.51693741  -0.10594354   0.13640773  -0.02621330
24     -0.49397466   0.13211151  -0.51997472  -0.10611146   0.13671127  -0.02640855
28     -0.49525612   0.13279141  -0.52184985  -0.10619768   0.13688675  -0.02654711
32     -0.49576380   0.13310937  -0.52266681  -0.10620635   0.13696121  -0.02658799
nw5z   -0.49603530   0.13327646  -0.52308664  -0.10622511   0.13701372  -0.02661674
