# O[-1]   
#HF@5Z: -74.79773852
#HF@6Z: -74.79783700
#          Ccsd         Ppl          Mp2          Rest         cPpl         (T)         
[56]   -0.25003200   0.05681500  -0.24895800  -0.05788800   0.00000000  -0.01035700
12     -0.23757161   0.05020584  -0.23125849  -0.05651896   0.05477878  -0.00911561
16     -0.24112958   0.05186146  -0.23574512  -0.05724592   0.05549620  -0.00955935
20     -0.24302717   0.05283747  -0.23842791  -0.05743674   0.05582645  -0.00972367
24     -0.24425077   0.05349793  -0.24014321  -0.05760550   0.05605115  -0.00987456
28     -0.24500107   0.05392844  -0.24122155  -0.05770796   0.05619500  -0.00996695
32     -0.24530353   0.05410108  -0.24166348  -0.05774113   0.05625482  -0.01000434
nw5z   -0.24530353   0.05410108  -0.24166348  -0.05774113   0.05625482  -0.01000434
