# O[1]    
#HF@5Z: -74.37697753
#HF@6Z: -74.37711300
#          Ccsd         Ppl          Mp2          Rest         cPpl         (T)         
[56]   -0.12605000   0.02620000  -0.11437800  -0.03787200   0.00000000  -0.00216800
12     -0.12167909   0.02388217  -0.10827642  -0.03728484   0.02546802  -0.00195656
16     -0.12279631   0.02445652  -0.10960566  -0.03764716   0.02574848  -0.00202927
20     -0.12336248   0.02477248  -0.11044819  -0.03768677   0.02587346  -0.00206069
24     -0.12356471   0.02488912  -0.11074092  -0.03771291   0.02592148  -0.00207484
28     -0.12364960   0.02493721  -0.11085999  -0.03772682   0.02594320  -0.00207974
32     -0.12365775   0.02494155  -0.11086815  -0.03773115   0.02594579  -0.00208091
nw5z   -0.12365775   0.02494155  -0.11086815  -0.03773115   0.02594579  -0.00208091
