# OH      
#HF@5Z: -75.42791456
#HF@6Z: -75.42803100
#          Ccsd         Ppl          Mp2          Rest         cPpl         (T)         
[56]   -0.24040300   0.05337000  -0.23276100  -0.06101100   0.00000000  -0.00689200
12     -0.22844526   0.04703568  -0.21568957  -0.05979137   0.05146648  -0.00613382
16     -0.23167990   0.04857600  -0.21999533  -0.06026057   0.05208129  -0.00638539
20     -0.23359380   0.04953905  -0.22257768  -0.06055517   0.05245115  -0.00651372
24     -0.23475151   0.05017987  -0.22424513  -0.06068625   0.05267719  -0.00660329
28     -0.23533180   0.05051868  -0.22511367  -0.06073682   0.05278939  -0.00664688
32     -0.23569047   0.05075074  -0.22568352  -0.06075770   0.05286736  -0.00667260
nw5z   -0.23601802   0.05100373  -0.22623406  -0.06078770   0.05296618  -0.00670345
