# OH[-1]  
#HF@5Z: -75.41800035
#HF@6Z: -75.41813400
#          Ccsd         Ppl          Mp2          Rest         cPpl         (T)         
[56]   -0.31043800   0.07402200  -0.32338900  -0.06107100   0.00000000  -0.01418100
12     -0.29371660   0.06499055  -0.29908567  -0.05962148   0.07194083  -0.01253897
16     -0.29850895   0.06720410  -0.30533002  -0.06038304   0.07268850  -0.01314028
20     -0.30109992   0.06854992  -0.30899953  -0.06065031   0.07309220  -0.01336313
24     -0.30289674   0.06949135  -0.31152106  -0.06086703   0.07333717  -0.01355560
28     -0.30384535   0.07007207  -0.31299946  -0.06091797   0.07349873  -0.01364196
32     -0.30463174   0.07054244  -0.31424204  -0.06093214   0.07360571  -0.01370871
nw5z   -0.30536856   0.07108461  -0.31550463  -0.06094854   0.07376052  -0.01378791
