# OH[1]   
#HF@5Z: -75.01085640
#HF@6Z: -75.01098900
#          Ccsd         Ppl          Mp2          Rest         cPpl         (T)         
[56]   -0.18120100   0.03950200  -0.16735000  -0.05335300   0.00000000  -0.00389900
12     -0.17342014   0.03536539  -0.15632248  -0.05246305   0.03826603  -0.00349241
16     -0.17548796   0.03638887  -0.15910024  -0.05277660   0.03867543  -0.00361977
20     -0.17666519   0.03702103  -0.16065865  -0.05302758   0.03894070  -0.00369402
24     -0.17730818   0.03737151  -0.16156131  -0.05311837   0.03907329  -0.00374025
28     -0.17760465   0.03755962  -0.16202134  -0.05314292   0.03914072  -0.00375731
32     -0.17775901   0.03767264  -0.16227282  -0.05315884   0.03918523  -0.00376844
nw5z   -0.17786930   0.03776666  -0.16246399  -0.05317197   0.03922811  -0.00377811
