# P       
#HF@5Z: -340.71916007
#HF@6Z: -340.71925100
#          Ccsd         Ppl          Mp2          Rest         cPpl         (T)         
[56]   -0.10773200   0.03779900  -0.09474100  -0.05079000   0.00000000  -0.00498500
12     -0.10524124   0.03484362  -0.08956415  -0.05052071   0.03691107  -0.00458898
16     -0.10592804   0.03562372  -0.09099819  -0.05055357   0.03716972  -0.00470295
20     -0.10622759   0.03600942  -0.09164270  -0.05059431   0.03730784  -0.00475566
24     -0.10637735   0.03618949  -0.09196435  -0.05060248   0.03736503  -0.00477662
28     -0.10642290   0.03625159  -0.09205706  -0.05061743   0.03738913  -0.00478420
32     -0.10653412   0.03635226  -0.09210121  -0.05078517   0.03747853  -0.00482206
nw5z   -0.10653418   0.03635234  -0.09210131  -0.05078521   0.03747857  -0.00482208
