# P2      
#HF@5Z: -681.49752030
#HF@6Z: -681.49780300
#          Ccsd         Ppl          Mp2          Rest         cPpl         (T)         
[56]   -0.32464800   0.11829600  -0.32186100  -0.12108400   0.00000000  -0.02577900
12     -0.31010236   0.10419903  -0.29511038  -0.11919100   0.11531063  -0.02328395
16     -0.31431153   0.10782522  -0.30207695  -0.12005979   0.11652042  -0.02413135
20     -0.31642522   0.10983650  -0.30593363  -0.12032809   0.11704393  -0.02451232
24     -0.31778930   0.11126741  -0.30855451  -0.12050220   0.11742135  -0.02477343
28     -0.31866357   0.11221366  -0.31031201  -0.12056522   0.11763537  -0.02493724
32     -0.31914683   0.11275911  -0.31126782  -0.12063812   0.11777325  -0.02502919
nw5z   -0.31995419   0.11365593  -0.31273526  -0.12087486   0.11803222  -0.02523801
