# P[-1]   
#HF@5Z: -340.70736723
#HF@6Z: -340.70741400
#          Ccsd         Ppl          Mp2          Rest         cPpl         (T)         
[56]   -0.14354900   0.04987900  -0.12923000  -0.06419800   0.00000000  -0.00781700
12     -0.13889886   0.04450473  -0.11988143  -0.06352216   0.04824703  -0.00706686
16     -0.14020435   0.04586561  -0.12228706  -0.06378290   0.04873708  -0.00727912
20     -0.14094668   0.04672373  -0.12375737  -0.06391304   0.04904656  -0.00742040
24     -0.14130267   0.04714250  -0.12447170  -0.06397346   0.04917914  -0.00748298
28     -0.14150787   0.04741310  -0.12492184  -0.06399912   0.04926612  -0.00751941
32     -0.14168952   0.04757084  -0.12510569  -0.06415468   0.04936143  -0.00757815
nw5z   -0.14169495   0.04757531  -0.12510808  -0.06416218   0.04936549  -0.00758128
