# P[1]    
#HF@5Z: -340.35518103
#HF@6Z: -340.35526900
#          Ccsd         Ppl          Mp2          Rest         cPpl         (T)         
[56]   -0.08721500   0.03308100  -0.07083900  -0.04945600   0.00000000  -0.00285400
12     -0.08499129   0.03033777  -0.06638334  -0.04894573   0.03222842  -0.00256000
16     -0.08550896   0.03095350  -0.06739844  -0.04906402   0.03245763  -0.00264728
20     -0.08587388   0.03138740  -0.06807212  -0.04918916   0.03262003  -0.00269205
24     -0.08606327   0.03164594  -0.06848068  -0.04922854   0.03270323  -0.00271676
28     -0.08612948   0.03173910  -0.06862541  -0.04924317   0.03273537  -0.00272750
32     -0.08617291   0.03179885  -0.06872104  -0.04925072   0.03275601  -0.00273414
nw5z   -0.08632151   0.03193200  -0.06878248  -0.04947103   0.03286697  -0.00276351
