# PH      
#HF@5Z: -341.30238813
#HF@6Z: -341.30251900
#          Ccsd         Ppl          Mp2          Rest         cPpl         (T)         
[56]   -0.14049600   0.04636500  -0.12154000  -0.06532100   0.00000000  -0.00567800
12     -0.13555047   0.04135830  -0.11236396  -0.06454481   0.04492958  -0.00507981
16     -0.13691790   0.04254651  -0.11460536  -0.06485905   0.04537055  -0.00527258
20     -0.13767448   0.04330861  -0.11601586  -0.06496722   0.04562870  -0.00536834
24     -0.13812188   0.04379783  -0.11689046  -0.06502925   0.04578121  -0.00541703
28     -0.13835490   0.04405758  -0.11735643  -0.06505605   0.04585579  -0.00544435
32     -0.13850949   0.04422817  -0.11765771  -0.06507994   0.04590972  -0.00546525
nw5z   -0.13885441   0.04458818  -0.11818468  -0.06525792   0.04606139  -0.00552355
