# PH2     
#HF@5Z: -341.89308140
#HF@6Z: -341.89325000
#          Ccsd         Ppl          Mp2          Rest         cPpl         (T)         
[56]   -0.17726200   0.05783000  -0.15643000  -0.07866300   0.00000000  -0.00685800
12     -0.16930506   0.05027267  -0.14205128  -0.07752645   0.05575384  -0.00598913
16     -0.17153761   0.05209817  -0.14561923  -0.07801656   0.05644114  -0.00626752
20     -0.17283689   0.05323350  -0.14781071  -0.07825967   0.05682314  -0.00641908
24     -0.17359973   0.05395626  -0.14919813  -0.07835786   0.05703908  -0.00650222
28     -0.17408600   0.05446533  -0.15014306  -0.07840826   0.05718498  -0.00655352
32     -0.17439293   0.05479423  -0.15074552  -0.07844164   0.05727813  -0.00658800
nw5z   -0.17524495   0.05572823  -0.15237176  -0.07860142   0.05755756  -0.00669476
