# PH2_Sym1A1[1]
#HF@5Z: -341.55044351
#HF@6Z: -341.55065100
#          Ccsd         Ppl          Mp2          Rest         cPpl         (T)         
[56]   -0.16103900   0.05804000  -0.13770800  -0.08137100   0.00000000  -0.00491300
12     -0.15306943   0.05023731  -0.12311559  -0.08019115   0.05625743  -0.00405677
16     -0.15529277   0.05202610  -0.12671478  -0.08060408   0.05678624  -0.00433377
20     -0.15654401   0.05318947  -0.12893456  -0.08079893   0.05711912  -0.00446277
24     -0.15734136   0.05399614  -0.13026198  -0.08107551   0.05739755  -0.00457015
28     -0.15787013   0.05451495  -0.13122734  -0.08115774   0.05752454  -0.00462848
32     -0.15822307   0.05490001  -0.13193955  -0.08118353   0.05761321  -0.00466878
nw5z   -0.15931277   0.05617179  -0.13407466  -0.08140990   0.05797398  -0.00480215
