# PH3     
#HF@5Z: -342.49468016
#HF@6Z: -342.49488400
#          Ccsd         Ppl          Mp2          Rest         cPpl         (T)         
[56]   -0.21395100   0.06959500  -0.19269000  -0.09085600   0.00000000  -0.00813300
12     -0.20261789   0.05936021  -0.17255511  -0.08942299   0.06733544  -0.00694053
16     -0.20585540   0.06177283  -0.17752988  -0.09009835   0.06811812  -0.00733019
20     -0.20770182   0.06330284  -0.18056755  -0.09043711   0.06856211  -0.00754099
24     -0.20884473   0.06432233  -0.18257562  -0.09059144   0.06882822  -0.00766249
28     -0.20957491   0.06500364  -0.18392636  -0.09065219   0.06898225  -0.00773618
32     -0.21007988   0.06551803  -0.18490803  -0.09068987   0.06910333  -0.00778842
nw5z   -0.21162801   0.06721503  -0.18802605  -0.09081699   0.06950131  -0.00795742
