# PH[-1]  
#HF@5Z: -341.29614958
#HF@6Z: -341.29621700
#          Ccsd         Ppl          Mp2          Rest         cPpl         (T)         
[56]   -0.18020900   0.06096600  -0.16421600  -0.07695800   0.00000000  -0.00923000
12     -0.17245127   0.05301732  -0.14964111  -0.07582747   0.05869173  -0.00812885
16     -0.17472915   0.05495865  -0.15334857  -0.07633924   0.05942554  -0.00849530
20     -0.17598387   0.05620413  -0.15562801  -0.07655999   0.05984852  -0.00867494
24     -0.17675543   0.05699658  -0.15707492  -0.07667709   0.06009511  -0.00878507
28     -0.17717759   0.05746508  -0.15791784  -0.07672483   0.06023026  -0.00884715
32     -0.17747585   0.05782373  -0.15855116  -0.07674843   0.06032966  -0.00888810
nw5z   -0.17805490   0.05845836  -0.15961379  -0.07689947   0.06053402  -0.00899383
