# PH[1]   
#HF@5Z: -340.94765748
#HF@6Z: -340.94778800
#          Ccsd         Ppl          Mp2          Rest         cPpl         (T)         
[56]   -0.12322100   0.04478300  -0.10183500  -0.06616900   0.00000000  -0.00372900
12     -0.11838355   0.03966495  -0.09274999  -0.06529851   0.04331155  -0.00322214
16     -0.11969447   0.04090412  -0.09507902  -0.06551957   0.04374992  -0.00337263
20     -0.12043354   0.04164415  -0.09633220  -0.06574548   0.04402385  -0.00346067
24     -0.12089959   0.04212849  -0.09717422  -0.06585387   0.04418439  -0.00351600
28     -0.12120420   0.04247816  -0.09775741  -0.06592496   0.04429821  -0.00354908
32     -0.12139070   0.04271129  -0.09815991  -0.06594208   0.04436488  -0.00356789
nw5z   -0.12187139   0.04325328  -0.09894796  -0.06617671   0.04457919  -0.00363524
