# PO      
#HF@5Z: -415.63508436
#HF@6Z: -415.63544000
#          Ccsd         Ppl          Mp2          Rest         cPpl         (T)         
[56]   -0.40554400   0.10831000  -0.41066700  -0.10318700   0.00000000  -0.02270400
12     -0.38604170   0.09639097  -0.38136819  -0.10106448   0.10445880  -0.02071677
16     -0.39146966   0.09939887  -0.38882709  -0.10204144   0.10575678  -0.02142234
20     -0.39447604   0.10108873  -0.39316888  -0.10239589   0.10636212  -0.02172637
24     -0.39654726   0.10239994  -0.39636049  -0.10258671   0.10682438  -0.02195059
28     -0.39756385   0.10306295  -0.39793854  -0.10268826   0.10705417  -0.02207385
32     -0.39821435   0.10351501  -0.39901375  -0.10271561   0.10719463  -0.02214023
nw5z   -0.39867556   0.10385274  -0.39965641  -0.10287188   0.10734993  -0.02222515
