# PO[-1]  
#HF@5Z: -415.66370504
#HF@6Z: -415.66405300
#          Ccsd         Ppl          Mp2          Rest         cPpl         (T)         
[56]   -0.41777900   0.10727300  -0.42077500  -0.10427800   0.00000000  -0.02279000
12     -0.39843476   0.09534785  -0.39165944  -0.10212317   0.10342589  -0.02075408
16     -0.40367442   0.09829234  -0.39891534  -0.10305141   0.10467437  -0.02144340
20     -0.40704229   0.10018400  -0.40381875  -0.10340755   0.10533548  -0.02175998
24     -0.40873431   0.10126697  -0.40636697  -0.10363431   0.10572972  -0.02198509
28     -0.40975356   0.10193848  -0.40799107  -0.10370097   0.10595083  -0.02210299
32     -0.41036886   0.10235772  -0.40894872  -0.10377786   0.10609222  -0.02218400
nw5z   -0.41057707   0.10248473  -0.40917167  -0.10389013   0.10616071  -0.02223936
