# S       
#HF@5Z: -397.51325064
#HF@6Z: -397.51335600
#          Ccsd         Ppl          Mp2          Rest         cPpl         (T)         
[56]   -0.15570100   0.04872300  -0.13845000  -0.06597400   0.00000000  -0.00647100
12     -0.15000061   0.04364808  -0.12853766  -0.06511103   0.04689873  -0.00578218
16     -0.15151536   0.04491478  -0.13105158  -0.06537856   0.04739865  -0.00598380
20     -0.15214810   0.04554523  -0.13219433  -0.06549900   0.04765559  -0.00608576
24     -0.15246187   0.04585353  -0.13276803  -0.06554737   0.04777022  -0.00612727
28     -0.15264218   0.04600976  -0.13299162  -0.06566033   0.04785856  -0.00616561
32     -0.15278028   0.04611100  -0.13308346  -0.06580782   0.04793872  -0.00620755
nw5z   -0.15278030   0.04611102  -0.13308350  -0.06580782   0.04793873  -0.00620756
