# S2      
#HF@5Z: -795.10836571
#HF@6Z: -795.10872000
#          Ccsd         Ppl          Mp2          Rest         cPpl         (T)         
[56]   -0.38204000   0.11625100  -0.36797000  -0.13032000   0.00000000  -0.02464700
12     -0.36532013   0.10306376  -0.34049483  -0.12788906   0.11206707  -0.02237825
16     -0.36990129   0.10635499  -0.34748359  -0.12877269   0.11331335  -0.02304594
20     -0.37234587   0.10837849  -0.35158524  -0.12913912   0.11404331  -0.02340511
24     -0.37337250   0.10929124  -0.35334335  -0.12932038   0.11436469  -0.02358241
28     -0.37398956   0.10984863  -0.35442218  -0.12941601   0.11455521  -0.02368622
32     -0.37434786   0.11011109  -0.35484819  -0.12961076   0.11469049  -0.02379832
nw5z   -0.37453984   0.11023256  -0.35505747  -0.12971493   0.11476034  -0.02385210
