# S2[-1]  
#HF@5Z: -795.13820609
#HF@6Z: -795.13847200
#          Ccsd         Ppl          Mp2          Rest         cPpl         (T)         
[56]   -0.41248900   0.12586800  -0.40013900  -0.13821900   0.00000000  -0.02595300
12     -0.39247250   0.10990177  -0.36710675  -0.13526752   0.12069216  -0.02314613
16     -0.39816529   0.11383840  -0.37558054  -0.13642316   0.12222094  -0.02402266
20     -0.40131561   0.11644487  -0.38082374  -0.13693675   0.12318507  -0.02448486
24     -0.40272747   0.11764253  -0.38319109  -0.13717890   0.12360901  -0.02473569
28     -0.40354674   0.11843976  -0.38470976  -0.13727674   0.12387706  -0.02486743
32     -0.40400550   0.11884690  -0.38546598  -0.13738642   0.12402810  -0.02497848
nw5z   -0.40440657   0.11909209  -0.38587521  -0.13762345   0.12417088  -0.02509899
