# S[-1]   
#HF@5Z: -397.54570776
#HF@6Z: -397.54577600
#          Ccsd         Ppl          Mp2          Rest         cPpl         (T)         
[56]   -0.19633200   0.06141700  -0.18304200  -0.07470800   0.00000000  -0.01001600
12     -0.18769674   0.05375137  -0.16800671  -0.07344140   0.05876439  -0.00889322
16     -0.19004383   0.05561340  -0.17176130  -0.07389592   0.05949429  -0.00921026
20     -0.19137565   0.05681933  -0.17404424  -0.07415075   0.05995452  -0.00941152
24     -0.19192844   0.05736344  -0.17506185  -0.07423002   0.06014918  -0.00949810
28     -0.19227822   0.05772689  -0.17572824  -0.07427687   0.06027694  -0.00955628
32     -0.19259580   0.05795177  -0.17607114  -0.07447643   0.06040733  -0.00964767
nw5z   -0.19259580   0.05795177  -0.17607114  -0.07447643   0.06040733  -0.00964767
