# S[1]    
#HF@5Z: -397.17375087
#HF@6Z: -397.17390600
#          Ccsd         Ppl          Mp2          Rest         cPpl         (T)         
[56]   -0.11761000   0.03860200  -0.10302900  -0.05318300   0.00000000  -0.00464500
12     -0.11455318   0.03571351  -0.09747566  -0.05279103   0.03754300  -0.00424798
16     -0.11527409   0.03640075  -0.09883234  -0.05284250   0.03778689  -0.00434861
20     -0.11554289   0.03668364  -0.09935863  -0.05286790   0.03788933  -0.00438313
24     -0.11568679   0.03682431  -0.09959397  -0.05291713   0.03795431  -0.00440511
28     -0.11585707   0.03697167  -0.09967806  -0.05315068   0.03807979  -0.00445001
32     -0.11586808   0.03698110  -0.09968704  -0.05316214   0.03808679  -0.00445443
nw5z   -0.11586808   0.03698111  -0.09968705  -0.05316214   0.03808679  -0.00445443
