# SH      
#HF@5Z: -398.11078430
#HF@6Z: -398.11091900
#          Ccsd         Ppl          Mp2          Rest         cPpl         (T)         
[56]   -0.19570800   0.06031600  -0.17760300  -0.07842100   0.00000000  -0.00820100
12     -0.18693896   0.05289401  -0.16265543  -0.07717754   0.05792450  -0.00720426
16     -0.18927812   0.05463112  -0.16627984  -0.07762940   0.05861562  -0.00751341
20     -0.19064456   0.05577941  -0.16857210  -0.07785187   0.05903040  -0.00767379
24     -0.19132220   0.05640324  -0.16977235  -0.07795308   0.05924233  -0.00775643
28     -0.19171704   0.05678011  -0.17049396  -0.07800319   0.05937073  -0.00780513
32     -0.19196445   0.05702203  -0.17095268  -0.07803380   0.05945032  -0.00783643
nw5z   -0.19240828   0.05743098  -0.17160037  -0.07823889   0.05963607  -0.00792377
