# SH2_Sym2B1
#HF@5Z: -398.72005692
#HF@6Z: -398.72025400
#          Ccsd         Ppl          Mp2          Rest         cPpl         (T)         
[56]   -0.23730800   0.07300500  -0.22104400  -0.08926900   0.00000000  -0.01023200
12     -0.22491091   0.06291696  -0.20015434  -0.08767353   0.07044608  -0.00883133
16     -0.22844945   0.06532946  -0.20540471  -0.08837419   0.07126033  -0.00929306
20     -0.23040584   0.06687092  -0.20859518  -0.08868159   0.07175828  -0.00952256
24     -0.23151060   0.06779458  -0.21049409  -0.08881109   0.07201866  -0.00964970
28     -0.23217814   0.06839682  -0.21168919  -0.08888577   0.07218643  -0.00972933
32     -0.23263238   0.06882826  -0.21253884  -0.08892181   0.07230357  -0.00977979
nw5z   -0.23369632   0.06988173  -0.21447650  -0.08910155   0.07262475  -0.00993361
