# SH2_Sym2B1[1]
#HF@5Z: -398.38173704
#HF@6Z: -398.38194800
#          Ccsd         Ppl          Mp2          Rest         cPpl         (T)         
[56]   -0.19356600   0.05960400  -0.17251200  -0.08065900   0.00000000  -0.00712600
12     -0.18478769   0.05228854  -0.15762486  -0.07945137   0.05740255  -0.00625852
16     -0.18713935   0.05406176  -0.16130583  -0.07989527   0.05808762  -0.00651340
20     -0.18845211   0.05510837  -0.16342502  -0.08013545   0.05846210  -0.00665986
24     -0.18920511   0.05575837  -0.16473114  -0.08023234   0.05867059  -0.00673611
28     -0.18964451   0.05617101  -0.16553637  -0.08027916   0.05879858  -0.00677854
32     -0.18992867   0.05645415  -0.16606432  -0.08031851   0.05889219  -0.00681078
nw5z   -0.19062411   0.05713525  -0.16723714  -0.08052221   0.05915387  -0.00691043
