# SH[-1]  
#HF@5Z: -398.14974280
#HF@6Z: -398.14988400
#          Ccsd         Ppl          Mp2          Rest         cPpl         (T)         
[56]   -0.23856900   0.07439400  -0.22856900  -0.08439500   0.00000000  -0.01241000
12     -0.22624882   0.06393254  -0.20746760  -0.08271376   0.07152511  -0.01081184
16     -0.22994797   0.06657358  -0.21302548  -0.08349607   0.07246018  -0.01133292
20     -0.23181991   0.06816859  -0.21618708  -0.08380142   0.07299981  -0.01160495
24     -0.23288994   0.06908817  -0.21802346  -0.08395465   0.07326568  -0.01176068
28     -0.23350654   0.06968450  -0.21919139  -0.08399965   0.07343544  -0.01183620
32     -0.23389468   0.07009383  -0.21996122  -0.08402729   0.07355257  -0.01188823
nw5z   -0.23465233   0.07080667  -0.22126457  -0.08419443   0.07377312  -0.01203021
