# SH[1]   
#HF@5Z: -397.77355923
#HF@6Z: -397.77374000
#          Ccsd         Ppl          Mp2          Rest         cPpl         (T)         
[56]   -0.15324900   0.04762500  -0.13326900  -0.06760500   0.00000000  -0.00561200
12     -0.14764732   0.04276701  -0.12368912  -0.06672521   0.04603318  -0.00501225
16     -0.14903867   0.04389053  -0.12588715  -0.06704204   0.04648354  -0.00519432
20     -0.14983431   0.04459869  -0.12728139  -0.06715161   0.04673825  -0.00528058
24     -0.15021444   0.04496513  -0.12797734  -0.06720223   0.04685897  -0.00531849
28     -0.15042035   0.04517357  -0.12835515  -0.06723877   0.04693250  -0.00534359
32     -0.15056377   0.04530682  -0.12859859  -0.06727200   0.04698286  -0.00536103
nw5z   -0.15085433   0.04557069  -0.12893202  -0.06749300   0.04713277  -0.00541916
