# Si      
#HF@5Z: -288.85888597
#HF@6Z: -288.85891300
#          Ccsd         Ppl          Mp2          Rest         cPpl         (T)         
[56]   -0.07803700   0.03180600  -0.06360100  -0.04624200   0.00000000  -0.00305900
12     -0.07617731   0.02899849  -0.05930230  -0.04587350   0.03107434  -0.00274143
16     -0.07667020   0.02962639  -0.06029331  -0.04600328   0.03129726  -0.00284802
20     -0.07695611   0.03007771  -0.06098566  -0.04604816   0.03143424  -0.00289345
24     -0.07713788   0.03037257  -0.06143092  -0.04607952   0.03151448  -0.00292332
28     -0.07722113   0.03051499  -0.06163870  -0.04609742   0.03155726  -0.00293802
32     -0.07725976   0.03059865  -0.06176350  -0.04609491   0.03157875  -0.00294569
nw5z   -0.07738179   0.03072249  -0.06186262  -0.04624167   0.03166008  -0.00297090
