# Si[-1]  
#HF@5Z: -288.88998117
#HF@6Z: -288.89004000
#          Ccsd         Ppl          Mp2          Rest         cPpl         (T)         
[56]   -0.09633700   0.03690700  -0.08494300  -0.04830100   0.00000000  -0.00564900
12     -0.09439228   0.03391438  -0.08019176  -0.04811489   0.03611805  -0.00522945
16     -0.09489925   0.03465932  -0.08142171  -0.04813686   0.03635440  -0.00534730
20     -0.09521949   0.03512994  -0.08217022  -0.04817921   0.03650596  -0.00541994
24     -0.09536704   0.03537918  -0.08253909  -0.04820713   0.03658340  -0.00544870
28     -0.09542661   0.03549738  -0.08272112  -0.04820287   0.03661729  -0.00546314
32     -0.09552370   0.03559047  -0.08280851  -0.04830567   0.03667738  -0.00549390
nw5z   -0.09552643   0.03559326  -0.08281077  -0.04830892   0.03667942  -0.00549546
