# Si[1]   
#HF@5Z: -288.57822733
#HF@6Z: -288.57827500
#          Ccsd         Ppl          Mp2          Rest         cPpl         (T)         
[56]   -0.06091300   0.02732200  -0.04648300  -0.04175200   0.00000000  -0.00126500
12     -0.05923588   0.02460527  -0.04256997  -0.04127118   0.02662833  -0.00109975
16     -0.05967710   0.02530076  -0.04364112  -0.04133674   0.02683761  -0.00114758
20     -0.05988179   0.02564992  -0.04415994  -0.04137178   0.02693661  -0.00117419
24     -0.06008636   0.02587641  -0.04443788  -0.04152489   0.02703265  -0.00119384
28     -0.06022676   0.02614158  -0.04478893  -0.04157941   0.02711136  -0.00120648
32     -0.06030217   0.02627660  -0.04498867  -0.04159010   0.02714285  -0.00121209
nw5z   -0.06046608   0.02651502  -0.04523204  -0.04174906   0.02725233  -0.00123339
