# SiH     
#HF@5Z: -289.44283395
#HF@6Z: -289.44290000
#          Ccsd         Ppl          Mp2          Rest         cPpl         (T)         
[56]   -0.11092900   0.04261200  -0.09141200  -0.06212900   0.00000000  -0.00363700
12     -0.10673508   0.03743912  -0.08277543  -0.06139876   0.04125660  -0.00312178
16     -0.10784746   0.03865508  -0.08488816  -0.06161437   0.04167865  -0.00328433
20     -0.10853640   0.03940158  -0.08613643  -0.06180155   0.04192856  -0.00337522
24     -0.10901928   0.03995060  -0.08703501  -0.06193487   0.04210269  -0.00343274
28     -0.10926555   0.04029157  -0.08759969  -0.06195743   0.04219683  -0.00346804
32     -0.10945834   0.04056403  -0.08804554  -0.06197684   0.04226939  -0.00348979
nw5z   -0.10998654   0.04125214  -0.08910100  -0.06213769   0.04247611  -0.00355713
