# SiH2_Sym3B1
#HF@5Z: -290.02899681
#HF@6Z: -290.02914900
#          Ccsd         Ppl          Mp2          Rest         cPpl         (T)         
[56]   -0.11940700   0.03966800  -0.10113200  -0.05794300   0.00000000  -0.00380200
12     -0.11503923   0.03505933  -0.09281946  -0.05727911   0.03848403  -0.00335340
16     -0.11627690   0.03616956  -0.09487097  -0.05757549   0.03888574  -0.00349559
20     -0.11695791   0.03683343  -0.09609212  -0.05769922   0.03909932  -0.00357197
24     -0.11737792   0.03727897  -0.09689578  -0.05776111   0.03923304  -0.00361766
28     -0.11763989   0.03758397  -0.09742752  -0.05779634   0.03932185  -0.00364519
32     -0.11781633   0.03778964  -0.09779123  -0.05781474   0.03937609  -0.00366255
nw5z   -0.11835729   0.03843533  -0.09888016  -0.05791246   0.03955096  -0.00372236
