# SiH2_Sym1A1
#HF@5Z: -290.03533060
#HF@6Z: -290.03549200
#          Ccsd         Ppl          Mp2          Rest         cPpl         (T)         
[56]   -0.14511300   0.05497700  -0.12337800  -0.07671200   0.00000000  -0.00441100
12     -0.13794641   0.04704806  -0.10933715  -0.07565732   0.05327328  -0.00360084
16     -0.13998735   0.04889983  -0.11278096  -0.07610622   0.05384099  -0.00386211
20     -0.14114050   0.05006772  -0.11481588  -0.07639234   0.05419331  -0.00400914
24     -0.14185521   0.05084177  -0.11617978  -0.07651721   0.05439007  -0.00409644
28     -0.14238530   0.05142464  -0.11722451  -0.07658544   0.05452485  -0.00415017
32     -0.14275129   0.05184290  -0.11797991  -0.07661427   0.05460902  -0.00419241
nw5z   -0.14392680   0.05336300  -0.12052233  -0.07676747   0.05495375  -0.00432691
