# SiH4    
#HF@5Z: -291.26837943
#HF@6Z: -291.26860100
#          Ccsd         Ppl          Mp2          Rest         cPpl         (T)         
[56]   -0.18437300   0.06135100  -0.16072300  -0.08500100   0.00000000  -0.00451000
12     -0.17401825   0.05151945  -0.14188449  -0.08365321   0.05933858  -0.00368848
16     -0.17705363   0.05383602  -0.14648241  -0.08440724   0.06007314  -0.00394801
20     -0.17863447   0.05520119  -0.14912192  -0.08471373   0.06044045  -0.00410552
24     -0.17967825   0.05615179  -0.15096262  -0.08486742   0.06067380  -0.00419598
28     -0.18048540   0.05689563  -0.15243304  -0.08494799   0.06082947  -0.00425041
32     -0.18096103   0.05738938  -0.15336917  -0.08498123   0.06092487  -0.00429636
nw5z   -0.18277907   0.05950011  -0.15725535  -0.08502383   0.06131599  -0.00442958
