# SiH[-1] 
#HF@5Z: -289.47035877
#HF@6Z: -289.47045700
#          Ccsd         Ppl          Mp2          Rest         cPpl         (T)         
[56]   -0.12710900   0.04559200  -0.10964900  -0.06305200   0.00000000  -0.00604100
12     -0.12276092   0.04033389  -0.10074916  -0.06234565   0.04421457  -0.00538659
16     -0.12414995   0.04168214  -0.10313087  -0.06270122   0.04468220  -0.00561277
20     -0.12478084   0.04244436  -0.10442673  -0.06279847   0.04493049  -0.00571945
24     -0.12519854   0.04296936  -0.10529237  -0.06287553   0.04508829  -0.00578327
28     -0.12547052   0.04331476  -0.10587439  -0.06291089   0.04517984  -0.00582114
32     -0.12562956   0.04354082  -0.10625165  -0.06291873   0.04523632  -0.00584273
nw5z   -0.12601491   0.04402497  -0.10701164  -0.06302824   0.04537985  -0.00590551
