# SiO     
#HF@5Z: -363.85263035
#HF@6Z: -363.85300600
#          Ccsd         Ppl          Mp2          Rest         cPpl         (T)         
[56]   -0.37593300   0.10276400  -0.38652200  -0.09217500   0.00000000  -0.02113500
12     -0.35534660   0.09044608  -0.35577991  -0.09001277   0.09948643  -0.01905481
16     -0.36175913   0.09372009  -0.36432397  -0.09115525   0.10073173  -0.01983212
20     -0.36460950   0.09538152  -0.36846382  -0.09152720   0.10127625  -0.02017589
24     -0.36687007   0.09666621  -0.37184172  -0.09169455   0.10161811  -0.02037289
28     -0.36806685   0.09750761  -0.37377910  -0.09179536   0.10188076  -0.02052237
32     -0.36881340   0.09801396  -0.37498715  -0.09184021   0.10202518  -0.02061050
nw5z   -0.36985226   0.09879111  -0.37668259  -0.09196078   0.10227052  -0.02074104
