# SO      
#HF@5Z: -472.41804954
#HF@6Z: -472.41844200
#          Ccsd         Ppl          Mp2          Rest         cPpl         (T)         
[56]   -0.43761600   0.11276200  -0.43727400  -0.11310400   0.00000000  -0.02346400
12     -0.41815329   0.10106734  -0.40836489  -0.11085575   0.10901803  -0.02149626
16     -0.42308941   0.10391443  -0.41526742  -0.11173642   0.11020377  -0.02212538
20     -0.42639644   0.10568234  -0.41996145  -0.11211733   0.11080167  -0.02242200
24     -0.42801637   0.10669232  -0.42239548  -0.11231321   0.11116441  -0.02262850
28     -0.42894297   0.10726799  -0.42382198  -0.11238898   0.11134950  -0.02272400
32     -0.42943530   0.10758408  -0.42446822  -0.11255116   0.11148908  -0.02282105
nw5z   -0.42952354   0.10763337  -0.42458065  -0.11257626   0.11151329  -0.02283602
