# SO2     
#HF@5Z: -547.32076354
#HF@6Z: -547.32161500
#          Ccsd         Ppl          Mp2          Rest         cPpl         (T)         
[56]   -0.73421600   0.18181500  -0.76294700  -0.15308400   0.00000000  -0.04145200
12     -0.69428175   0.16068275  -0.70613458  -0.14882991   0.17692128  -0.03764321
16     -0.70611355   0.16626492  -0.72144230  -0.15093617   0.17884230  -0.03910432
20     -0.71200699   0.16912677  -0.72957640  -0.15155736   0.17958493  -0.03964767
24     -0.71619724   0.17137293  -0.73562982  -0.15194034   0.18018472  -0.04006643
28     -0.71833439   0.17259159  -0.73881215  -0.15211383   0.18049175  -0.04030860
32     -0.71961433   0.17336186  -0.74080297  -0.15217322   0.18068035  -0.04042732
nw5z   -0.72044822   0.17389270  -0.74204159  -0.15229933   0.18084784  -0.04054598
