# SO3     
#HF@5Z: -622.19306289
#HF@6Z: -622.19427200
#          Ccsd         Ppl          Mp2          Rest         cPpl         (T)         
[56]   -0.99255700   0.23336500  -1.03376600  -0.19215600   0.00000000  -0.05281300
12     -0.93742889   0.20571237  -0.95673485  -0.18640641   0.22724176  -0.04791491
16     -0.95406825   0.21306326  -0.97794469  -0.18918682   0.22965505  -0.04980848
20     -0.96202929   0.21678724  -0.98875288  -0.19006366   0.23061997  -0.05048093
24     -0.96773716   0.21971084  -0.99685418  -0.19059382   0.23138596  -0.05104673
28     -0.97069510   0.22132647  -1.00120584  -0.19081574   0.23178305  -0.05135530
32     -0.97234829   0.22230778  -1.00375647  -0.19089960   0.23202862  -0.05150647
nw5z   -0.97334200   0.22290445  -1.00525711  -0.19098934   0.23219911  -0.05162957
