#Cn    HF           Ccsd         Ppl          Mp2          Rest         (T)         
   2  -241.874285    -0.048295     0.019677    -0.031358    -0.036614    -0.000818 
   3  -241.879216    -0.051214     0.022727    -0.036117    -0.037824    -0.001186 
   4  -241.880449    -0.052084     0.024229    -0.038139    -0.038174    -0.001286 
   5  -241.880756    -0.052490     0.024912    -0.039233    -0.038169    -0.001322 
   6  -241.880807    -0.052625     0.025240    -0.039692    -0.038174    -0.001336 
[23]      -          -0.052444     0.024011    -0.038121    -0.038334    -0.001340 
[34]      -          -0.052719     0.025325    -0.039614    -0.038430    -0.001359 
[45]      -          -0.052917     0.025628    -0.040381    -0.038163    -0.001359 
[56]      -          -0.052811     0.025691    -0.040322    -0.038181    -0.001355 
