#Cn    HF           Ccsd         Ppl          Mp2          Rest         (T)         
   2   -24.530574    -0.059620     0.024072    -0.037070    -0.046622    -0.000909 
   3   -24.532172    -0.064922     0.027556    -0.044405    -0.048073    -0.001357 
   4   -24.532984    -0.066497     0.029076    -0.047245    -0.048329    -0.001466 
   5   -24.533130    -0.066969     0.029715    -0.048347    -0.048337    -0.001504 
   6   -24.533153    -0.067145     0.030020    -0.048850    -0.048315    -0.001518 
[23]      -          -0.067155     0.029024    -0.047494    -0.048685    -0.001546 
[34]      -          -0.067647     0.030185    -0.049317    -0.048515    -0.001546 
[45]      -          -0.067463     0.030386    -0.049503    -0.048346    -0.001544 
[56]      -          -0.067387     0.030439    -0.049542    -0.048284    -0.001537 
