#Cn    HF           Ccsd         Ppl          Mp2          Rest         (T)         
   2   -24.235014    -0.058677     0.031681    -0.032661    -0.057698     0.000000 
   3   -24.236816    -0.059811     0.033359    -0.036005    -0.057166     0.000000 
   4   -24.237473    -0.060957     0.034676    -0.038087    -0.057547     0.000000 
   5   -24.237546    -0.061161     0.035120    -0.038721    -0.057561     0.000000 
   6   -24.237569    -0.061230     0.035324    -0.039011    -0.057543     0.000000 
[23]      -          -0.060288     0.034066    -0.037413    -0.056942     0.000000 
[34]      -          -0.061794     0.035637    -0.039606    -0.057825     0.000000 
[45]      -          -0.061375     0.035587    -0.039386    -0.057576     0.000000 
[56]      -          -0.061323     0.035605    -0.039411    -0.057517     0.000000 
