#Cn    HF           Ccsd         Ppl          Mp2          Rest         (T)         
   2   -37.687763    -0.075841     0.021658    -0.053701    -0.043798    -0.001261 
   3   -37.691811    -0.087842     0.026771    -0.067749    -0.046864    -0.002172 
   4   -37.693352    -0.091120     0.028822    -0.072521    -0.047422    -0.002403 
   5   -37.693690    -0.092206     0.029717    -0.074421    -0.047502    -0.002484 
   6   -37.693732    -0.092625     0.030139    -0.075270    -0.047494    -0.002512 
[23]      -          -0.092894     0.028924    -0.073664    -0.048154    -0.002556 
[34]      -          -0.093513     0.030319    -0.076002    -0.047829    -0.002571 
[45]      -          -0.093345     0.030655    -0.076415    -0.047585    -0.002569 
[56]      -          -0.093200     0.030720    -0.076436    -0.047484    -0.002551 
