#Cn    HF           Ccsd         Ppl          Mp2          Rest         (T)         
   2   -76.827843    -0.280091     0.075728    -0.264213    -0.091605    -0.012448 
   3   -76.849103    -0.325987     0.092755    -0.314954    -0.103787    -0.017093 
   4   -76.853475    -0.339362     0.099608    -0.332245    -0.106725    -0.018103 
   5   -76.854439    -0.343522     0.102405    -0.338770    -0.107156    -0.018444 
   6   -76.854565    -0.345197     0.103737    -0.341738    -0.107196    -0.018567 
[23]      -          -0.345311     0.099924    -0.336319    -0.108917    -0.019049 
[34]      -          -0.349122     0.104609    -0.344863    -0.108868    -0.018841 
[45]      -          -0.347886     0.105339    -0.345617    -0.107608    -0.018800 
[56]      -          -0.347498     0.105567    -0.345814    -0.107251    -0.018736 
