#Cn    HF           Ccsd         Ppl          Mp2          Rest         (T)         
   2   -78.043588    -0.313757     0.078102    -0.284633    -0.107226    -0.011345 
   3   -78.064695    -0.363522     0.096831    -0.339835    -0.120519    -0.015497 
   4   -78.069388    -0.377707     0.104246    -0.358291    -0.123661    -0.016485 
   5   -78.070490    -0.382018     0.107171    -0.365097    -0.124092    -0.016800 
   6   -78.070636    -0.383762     0.108562    -0.368193    -0.124132    -0.016915 
[23]      -          -0.384476     0.104717    -0.363077    -0.126116    -0.017245 
[34]      -          -0.388057     0.109656    -0.371759    -0.125954    -0.017206 
[45]      -          -0.386541     0.110240    -0.372238    -0.124544    -0.017131 
[56]      -          -0.386158     0.110473    -0.372445    -0.124186    -0.017072 
