#Cn    HF           Ccsd         Ppl          Mp2          Rest         (T)         
   2   -37.704950    -0.098928     0.024598    -0.080144    -0.043382    -0.002995 
   3   -37.708448    -0.113410     0.031116    -0.097606    -0.046919    -0.004745 
   4   -37.709950    -0.117169     0.033597    -0.103196    -0.047570    -0.005192 
   5   -37.710263    -0.118432     0.034676    -0.105443    -0.047665    -0.005344 
   6   -37.710302    -0.118932     0.035193    -0.106462    -0.047663    -0.005400 
[23]      -          -0.119507     0.033860    -0.104959    -0.048409    -0.005481 
[34]      -          -0.119912     0.035407    -0.107275    -0.048044    -0.005518 
[45]      -          -0.119756     0.035809    -0.107801    -0.047764    -0.005504 
[56]      -          -0.119619     0.035902    -0.107861    -0.047660    -0.005477 
