#Cn    HF           Ccsd         Ppl          Mp2          Rest         (T)         
   2   -37.290253    -0.067257     0.025791    -0.041655    -0.051393    -0.000686 
   3   -37.294960    -0.074694     0.029224    -0.050983    -0.052935    -0.001159 
   4   -37.296492    -0.077247     0.030905    -0.054730    -0.053422    -0.001274 
   5   -37.296785    -0.078023     0.031594    -0.056146    -0.053471    -0.001316 
   6   -37.296834    -0.078306     0.031912    -0.056768    -0.053450    -0.001330 
[23]      -          -0.077826     0.030670    -0.054911    -0.053584    -0.001358 
[34]      -          -0.079109     0.032132    -0.057464    -0.053777    -0.001357 
[45]      -          -0.078837     0.032317    -0.057631    -0.053523    -0.001360 
[56]      -          -0.078695     0.032348    -0.057622    -0.053422    -0.001350 
