#Cn    HF           Ccsd         Ppl          Mp2          Rest         (T)         
   2   -38.275436    -0.109217     0.031098    -0.082806    -0.057509    -0.002289 
   3   -38.282219    -0.127076     0.038485    -0.102781    -0.062780    -0.003483 
   4   -38.284054    -0.131781     0.041309    -0.109335    -0.063756    -0.003762 
   5   -38.284478    -0.133271     0.042484    -0.111881    -0.063873    -0.003860 
   6   -38.284533    -0.133852     0.043034    -0.113019    -0.063867    -0.003894 
[23]      -          -0.134596     0.041595    -0.111192    -0.064999    -0.003986 
[34]      -          -0.135214     0.043370    -0.114116    -0.064468    -0.003966 
[45]      -          -0.134834     0.043716    -0.114553    -0.063997    -0.003963 
[56]      -          -0.134651     0.043790    -0.114582    -0.063858    -0.003940 
