#Cn    HF           Ccsd         Ppl          Mp2          Rest         (T)         
   2   -38.928208    -0.117354     0.027200    -0.096787    -0.047767    -0.002235 
   3   -38.938208    -0.138261     0.035017    -0.119374    -0.053904    -0.003589 
   4   -38.940392    -0.143738     0.037948    -0.126499    -0.055188    -0.003914 
   5   -38.940935    -0.145389     0.039103    -0.129116    -0.055376    -0.004017 
   6   -38.941003    -0.146032     0.039636    -0.130266    -0.055401    -0.004053 
[23]      -          -0.147064     0.038309    -0.128885    -0.056487    -0.004159 
[34]      -          -0.147735     0.040087    -0.131698    -0.056124    -0.004152 
[45]      -          -0.147120     0.040315    -0.131862    -0.055573    -0.004125 
[56]      -          -0.146915     0.040369    -0.131847    -0.055437    -0.004102 
