#Cn    HF           Ccsd         Ppl          Mp2          Rest         (T)         
   2   -38.884379    -0.143128     0.040369    -0.115325    -0.068172    -0.003506 
   3   -38.893429    -0.166042     0.049799    -0.140983    -0.074858    -0.005080 
   4   -38.895503    -0.172040     0.053325    -0.149244    -0.076121    -0.005442 
   5   -38.896016    -0.173880     0.054741    -0.152368    -0.076253    -0.005562 
   6   -38.896082    -0.174605     0.055405    -0.153768    -0.076243    -0.005604 
[23]      -          -0.175690     0.053769    -0.151786    -0.077673    -0.005743 
[34]      -          -0.176417     0.055898    -0.155272    -0.077042    -0.005705 
[45]      -          -0.175812     0.056227    -0.155646    -0.076392    -0.005688 
[56]      -          -0.175601     0.056318    -0.155692    -0.076228    -0.005662 
