#Cn    HF           Ccsd         Ppl          Mp2          Rest         (T)         
   2   -39.511702    -0.201631     0.051562    -0.183994    -0.069199    -0.007164 
   3   -39.523325    -0.230084     0.063721    -0.216906    -0.076900    -0.009840 
   4   -39.525835    -0.237616     0.068310    -0.227394    -0.078532    -0.010447 
   5   -39.526575    -0.239916     0.070132    -0.231370    -0.078679    -0.010668 
   6   -39.526726    -0.240858     0.071000    -0.233210    -0.078648    -0.010764 
[23]      -          -0.242064     0.068841    -0.230763    -0.080142    -0.010968 
[34]      -          -0.243112     0.071659    -0.235048    -0.079723    -0.010890 
[45]      -          -0.242330     0.072044    -0.235541    -0.078833    -0.010899 
[56]      -          -0.242152     0.072192    -0.235738    -0.078606    -0.010896 
