#Cn    HF           Ccsd         Ppl          Mp2          Rest         (T)         
   2  -499.124048    -0.337366     0.077916    -0.306189    -0.109094    -0.009914 
   3  -499.149827    -0.411419     0.103526    -0.380973    -0.133972    -0.016571 
   4  -499.155502    -0.434279     0.114552    -0.407687    -0.141144    -0.018267 
   5  -499.156662    -0.441679     0.119253    -0.418738    -0.142195    -0.018881 
   6  -499.156895    -0.444943     0.121619    -0.424198    -0.142364    -0.019131 
[23]      -          -0.442600     0.114310    -0.412462    -0.144448    -0.019374 
[34]      -          -0.450960     0.122598    -0.427181    -0.146377    -0.019505 
[45]      -          -0.449444     0.124186    -0.430332    -0.143297    -0.019525 
[56]      -          -0.449426     0.124870    -0.431698    -0.142598    -0.019475 
