#Cn    HF           Ccsd         Ppl          Mp2          Rest         (T)         
   2  -115.061485    -0.383349     0.081334    -0.360076    -0.104607    -0.010442 
   3  -115.092037    -0.454450     0.103068    -0.436971    -0.120547    -0.015871 
   4  -115.099532    -0.476530     0.112148    -0.463563    -0.125115    -0.017108 
   5  -115.101401    -0.483807     0.115965    -0.473925    -0.125846    -0.017543 
   6  -115.101610    -0.486749     0.117773    -0.478570    -0.125952    -0.017697 
[23]      -          -0.484387     0.112220    -0.469348    -0.127259    -0.018156 
[34]      -          -0.492643     0.118773    -0.482968    -0.128449    -0.018011 
[45]      -          -0.491441     0.119970    -0.484798    -0.126613    -0.017998 
[56]      -          -0.490789     0.120257    -0.484949    -0.126097    -0.017910 
