#Cn    HF           Ccsd         Ppl          Mp2          Rest         (T)         
   2  -437.734506    -0.339473     0.082021    -0.303338    -0.118156    -0.010865 
   3  -437.759839    -0.403954     0.106625    -0.370676    -0.139903    -0.016628 
   4  -437.765531    -0.422176     0.116545    -0.393570    -0.145151    -0.018084 
   5  -437.766748    -0.428191     0.120749    -0.403046    -0.145894    -0.018585 
   6  -437.767012    -0.430629     0.122769    -0.407416    -0.145981    -0.018773 
[23]      -          -0.431104     0.116984    -0.399029    -0.149059    -0.019055 
[34]      -          -0.435473     0.123784    -0.410276    -0.148981    -0.019146 
[45]      -          -0.434501     0.125161    -0.412989    -0.146673    -0.019112 
[56]      -          -0.433978     0.125542    -0.413419    -0.146101    -0.019031 
