#Cn    HF           Ccsd         Ppl          Mp2          Rest         (T)         
   2   -40.199605    -0.191051     0.045822    -0.167746    -0.069127    -0.004471 
   3   -40.213658    -0.220703     0.057438    -0.200801    -0.077340    -0.006534 
   4   -40.216289    -0.228435     0.061746    -0.211110    -0.079071    -0.006994 
   5   -40.216996    -0.230769     0.063416    -0.214897    -0.079288    -0.007132 
   6   -40.217082    -0.231710     0.064205    -0.216609    -0.079306    -0.007183 
[23]      -          -0.233189     0.062329    -0.214719    -0.080798    -0.007403 
[34]      -          -0.234077     0.064891    -0.218633    -0.080335    -0.007330 
[45]      -          -0.233218     0.065167    -0.218869    -0.079516    -0.007277 
[56]      -          -0.233002     0.065289    -0.218962    -0.079330    -0.007253 
