#Cn    HF           Ccsd         Ppl          Mp2          Rest         (T)         
   2   -38.291403    -0.131149     0.032972    -0.110262    -0.053859    -0.004304 
   3   -38.297822    -0.151126     0.041511    -0.133033    -0.059604    -0.006257 
   4   -38.299641    -0.156292     0.044722    -0.140284    -0.060731    -0.006720 
   5   -38.300054    -0.157939     0.046062    -0.143104    -0.060897    -0.006883 
   6   -38.300111    -0.158595     0.046696    -0.144382    -0.060909    -0.006943 
[23]      -          -0.159538     0.045106    -0.142621    -0.062023    -0.007080 
[34]      -          -0.160062     0.047066    -0.145574    -0.061554    -0.007058 
[45]      -          -0.159667     0.047467    -0.146064    -0.061070    -0.007054 
[56]      -          -0.159496     0.047567    -0.146136    -0.060926    -0.007026 
