#Cn    HF           Ccsd         Ppl          Mp2          Rest         (T)         
   2  -459.473057    -0.142362     0.031791    -0.122748    -0.051405    -0.002656 
   3  -459.486089    -0.185363     0.046093    -0.161895    -0.069562    -0.006405 
   4  -459.489242    -0.199191     0.052644    -0.177035    -0.074799    -0.007459 
   5  -459.489758    -0.203710     0.055549    -0.183677    -0.075582    -0.007845 
   6  -459.489916    -0.205953     0.057128    -0.187338    -0.075743    -0.008019 
[23]      -          -0.203469     0.052116    -0.178378    -0.077207    -0.007984 
[34]      -          -0.209281     0.057424    -0.188084    -0.078621    -0.008227 
[45]      -          -0.208452     0.058597    -0.190645    -0.076403    -0.008250 
[56]      -          -0.209035     0.059298    -0.192367    -0.075965    -0.008257 
