#Cn    HF           Ccsd         Ppl          Mp2          Rest         (T)         
   2  -918.970202    -0.328210     0.075562    -0.299875    -0.103897    -0.010484 
   3  -919.002357    -0.420847     0.105608    -0.388187    -0.138268    -0.019522 
   4  -919.009096    -0.452072     0.119769    -0.422616    -0.149224    -0.022144 
   5  -919.010376    -0.462592     0.126157    -0.437741    -0.151009    -0.023141 
   6  -919.010740    -0.467525     0.129535    -0.445701    -0.151359    -0.023573 
[23]      -          -0.459852     0.118259    -0.425371    -0.152740    -0.023328 
[34]      -          -0.474858     0.130102    -0.447740    -0.157219    -0.024057 
[45]      -          -0.473630     0.132860    -0.453609    -0.152881    -0.024188 
[56]      -          -0.474300     0.134175    -0.456635    -0.151841    -0.024166 
