#Cn    HF           Ccsd         Ppl          Mp2          Rest         (T)         
   2  -918.565819    -0.314264     0.074083    -0.285880    -0.102467    -0.011967 
   3  -918.603253    -0.399672     0.102250    -0.367166    -0.134756    -0.020463 
   4  -918.610692    -0.427182     0.114935    -0.398328    -0.143789    -0.022947 
   5  -918.612104    -0.436725     0.120699    -0.412053    -0.145371    -0.023875 
   6  -918.612531    -0.441247     0.123748    -0.419301    -0.145694    -0.024281 
[23]      -          -0.435633     0.114110    -0.401392    -0.148351    -0.024041 
[34]      -          -0.447257     0.124192    -0.421068    -0.150380    -0.024760 
[45]      -          -0.446737     0.126746    -0.426453    -0.147030    -0.024849 
[56]      -          -0.447458     0.127935    -0.429255    -0.146138    -0.024839 
