#Cn    HF           Ccsd         Ppl          Mp2          Rest         (T)         
   2  -459.038417    -0.115919     0.026654    -0.093895    -0.048677    -0.001794 
   3  -459.053383    -0.150341     0.038838    -0.125355    -0.063823    -0.004572 
   4  -459.056857    -0.159796     0.043683    -0.136504    -0.066975    -0.005378 
   5  -459.057437    -0.163041     0.045835    -0.141406    -0.067470    -0.005651 
   6  -459.057643    -0.164728     0.047014    -0.144177    -0.067565    -0.005774 
[23]      -          -0.164835     0.043968    -0.138602    -0.070201    -0.005741 
[34]      -          -0.166696     0.047219    -0.144640    -0.069275    -0.005967 
[45]      -          -0.166446     0.048093    -0.146549    -0.067989    -0.005936 
[56]      -          -0.167044     0.048633    -0.147982    -0.067695    -0.005943 
