#Cn    HF           Ccsd         Ppl          Mp2          Rest         (T)         
   2  -558.863878    -0.377980     0.075361    -0.360792    -0.092549    -0.010961 
   3  -558.905738    -0.475392     0.101147    -0.458296    -0.118244    -0.018668 
   4  -558.916826    -0.508862     0.113220    -0.495057    -0.127026    -0.020685 
   5  -558.919455    -0.520711     0.118801    -0.510918    -0.128594    -0.021479 
   6  -558.919872    -0.525915     0.121645    -0.518645    -0.128915    -0.021800 
[23]      -          -0.516408     0.112004    -0.499349    -0.129063    -0.021913 
[34]      -          -0.533286     0.122030    -0.521882    -0.133434    -0.022156 
[45]      -          -0.533143     0.124655    -0.527559    -0.130240    -0.022313 
[56]      -          -0.533063     0.125552    -0.529260    -0.129355    -0.022240 
