#Cn    HF           Ccsd         Ppl          Mp2          Rest         (T)         
   2  -558.425501    -0.354104     0.070060    -0.333844    -0.090320    -0.011207 
   3  -558.475505    -0.443986     0.093586    -0.423691    -0.113882    -0.018245 
   4  -558.487395    -0.474057     0.104233    -0.457103    -0.121188    -0.020087 
   5  -558.490275    -0.484949     0.109183    -0.471556    -0.122576    -0.020803 
   6  -558.490768    -0.489726     0.111693    -0.478550    -0.122869    -0.021091 
[23]      -          -0.481831     0.103492    -0.461521    -0.123803    -0.021208 
[34]      -          -0.496001     0.112002    -0.481484    -0.126519    -0.021431 
[45]      -          -0.496377     0.114376    -0.486721    -0.124032    -0.021555 
[56]      -          -0.496286     0.115141    -0.488157    -0.123271    -0.021486 
