#Cn    HF           Ccsd         Ppl          Mp2          Rest         (T)         
   2  -534.272114    -0.340468     0.071975    -0.310607    -0.101836    -0.011473 
   3  -534.307820    -0.425212     0.096339    -0.394957    -0.126595    -0.018928 
   4  -534.316432    -0.453344     0.107557    -0.426620    -0.134282    -0.020921 
   5  -534.318380    -0.463199     0.112685    -0.440219    -0.135665    -0.021692 
   6  -534.318749    -0.467533     0.115299    -0.446888    -0.135944    -0.022007 
[23]      -          -0.460894     0.106598    -0.430472    -0.137020    -0.022066 
[34]      -          -0.473873     0.115743    -0.449725    -0.139891    -0.022376 
[45]      -          -0.473539     0.118065    -0.454487    -0.137117    -0.022500 
[56]      -          -0.473486     0.118891    -0.456049    -0.136328    -0.022441 
