#Cn    HF           Ccsd         Ppl          Mp2          Rest         (T)         
   2   -92.215634    -0.273128     0.070943    -0.227314    -0.116757    -0.014213 
   3   -92.233584    -0.317062     0.085498    -0.274147    -0.128413    -0.019610 
   4   -92.239079    -0.330966     0.091644    -0.290782    -0.131828    -0.020877 
   5   -92.240167    -0.335705     0.094371    -0.297449    -0.132626    -0.021356 
   6   -92.240301    -0.337584     0.095661    -0.300432    -0.132813    -0.021533 
[23]      -          -0.335560     0.091627    -0.293867    -0.133320    -0.021883 
[34]      -          -0.341113     0.096129    -0.302921    -0.134320    -0.021801 
[45]      -          -0.340676     0.097231    -0.304443    -0.133464    -0.021858 
[56]      -          -0.340165     0.097434    -0.304530    -0.133069    -0.021776 
