#Cn    HF           Ccsd         Ppl          Mp2          Rest         (T)         
   2   -92.322620    -0.302506     0.077980    -0.297614    -0.082873    -0.015254 
   3   -92.340051    -0.352506     0.095334    -0.353033    -0.094808    -0.020488 
   4   -92.345265    -0.368288     0.102658    -0.372871    -0.098075    -0.021683 
   5   -92.346291    -0.373678     0.105916    -0.380925    -0.098669    -0.022129 
   6   -92.346423    -0.375828     0.107462    -0.384546    -0.098745    -0.022288 
[23]      -          -0.373559     0.102641    -0.376367    -0.099833    -0.022691 
[34]      -          -0.379805     0.108002    -0.387348    -0.100459    -0.022555 
[45]      -          -0.379333     0.109334    -0.389375    -0.099292    -0.022597 
[56]      -          -0.378781     0.109587    -0.389519    -0.098849    -0.022507 
