#Cn    HF           Ccsd         Ppl          Mp2          Rest         (T)         
   2  -112.753489    -0.307819     0.071995    -0.301223    -0.078590    -0.012683 
   3  -112.779889    -0.364401     0.088653    -0.362522    -0.090532    -0.017885 
   4  -112.787390    -0.383794     0.096086    -0.385503    -0.094376    -0.019079 
   5  -112.789001    -0.390588     0.099436    -0.394908    -0.095116    -0.019549 
   6  -112.789190    -0.393332     0.101031    -0.399129    -0.095234    -0.019715 
[23]      -          -0.388225     0.095667    -0.388332    -0.095560    -0.020075 
[34]      -          -0.397945     0.101509    -0.402273    -0.097182    -0.019950 
[45]      -          -0.397716     0.102951    -0.404776    -0.095891    -0.020042 
[56]      -          -0.397102     0.103223    -0.404927    -0.095398    -0.019942 
