#Cn    HF           Ccsd         Ppl          Mp2          Rest         (T)         
   2  -187.660697    -0.503710     0.104877    -0.508627    -0.099960    -0.021830 
   3  -187.706875    -0.603370     0.131959    -0.614766    -0.120563    -0.030310 
   4  -187.719442    -0.637649     0.144227    -0.654347    -0.127529    -0.032308 
   5  -187.722229    -0.649610     0.149759    -0.670505    -0.128864    -0.033084 
   6  -187.722552    -0.654476     0.152401    -0.677779    -0.129098    -0.033358 
[23]      -          -0.645332     0.143362    -0.659456    -0.129238    -0.033880 
[34]      -          -0.662664     0.153179    -0.683230    -0.132612    -0.033767 
[45]      -          -0.662159     0.155563    -0.687458    -0.130264    -0.033897 
[56]      -          -0.661160     0.156030    -0.687769    -0.129420    -0.033734 
