#Cn    HF           Ccsd         Ppl          Mp2          Rest         (T)         
   2  -112.273736    -0.280680     0.067862    -0.259937    -0.088605    -0.011874 
   3  -112.300867    -0.330708     0.081945    -0.313696    -0.098957    -0.017097 
   4  -112.308751    -0.348072     0.088246    -0.333498    -0.102820    -0.018263 
   5  -112.310442    -0.354164     0.091088    -0.341585    -0.103667    -0.018723 
   6  -112.310634    -0.356612     0.092437    -0.345197    -0.103852    -0.018888 
[23]      -          -0.351773     0.087874    -0.336331    -0.103316    -0.019296 
[34]      -          -0.360742     0.092844    -0.347948    -0.105638    -0.019115 
[45]      -          -0.360556     0.094070    -0.350070    -0.104556    -0.019205 
[56]      -          -0.359974     0.094290    -0.350158    -0.104106    -0.019114 
