#Cn    HF           Ccsd         Ppl          Mp2          Rest         (T)         
   2 -1031.749890    -0.651626     0.143280    -0.629388    -0.165518    -0.026520 
   3 -1031.804169    -0.803190     0.190345    -0.781289    -0.212246    -0.041275 
   4 -1031.818254    -0.854377     0.212013    -0.839209    -0.227182    -0.045136 
   5 -1031.820947    -0.871709     0.221653    -0.863726    -0.229637    -0.046581 
   6 -1031.821462    -0.879309     0.226526    -0.875753    -0.230082    -0.047158 
[23]      -          -0.867007     0.210162    -0.845247    -0.231921    -0.047488 
[34]      -          -0.891730     0.227825    -0.881474    -0.238082    -0.047953 
[45]      -          -0.889894     0.231767    -0.889448    -0.232212    -0.048097 
[56]      -          -0.889747     0.233220    -0.892275    -0.230692    -0.047951 
