#Cn    HF           Ccsd         Ppl          Mp2          Rest         (T)         
   2  -435.338618    -0.273588     0.078567    -0.255648    -0.096506    -0.016581 
   3  -435.355794    -0.323620     0.098001    -0.308081    -0.113540    -0.022161 
   4  -435.360907    -0.339378     0.106524    -0.327978    -0.117924    -0.023631 
   5  -435.361817    -0.345008     0.110387    -0.336736    -0.118659    -0.024200 
   6  -435.362059    -0.347277     0.112249    -0.340781    -0.118744    -0.024414 
[23]      -          -0.344686     0.106184    -0.330158    -0.120712    -0.024511 
[34]      -          -0.350878     0.112744    -0.342499    -0.121123    -0.024703 
[45]      -          -0.350914     0.114440    -0.345924    -0.119430    -0.024797 
[56]      -          -0.350394     0.114806    -0.346339    -0.118862    -0.024709 
