#Cn    HF           Ccsd         Ppl          Mp2          Rest         (T)         
   2  -832.940140    -0.428267     0.111369    -0.415612    -0.124024    -0.026627 
   3  -832.971927    -0.514732     0.143917    -0.503503    -0.155145    -0.036633 
   4  -832.980361    -0.541811     0.158285    -0.536730    -0.163366    -0.039218 
   5  -832.981847    -0.551462     0.164831    -0.551553    -0.164740    -0.040196 
   6  -832.982268    -0.555374     0.167985    -0.558422    -0.164937    -0.040566 
[23]      -          -0.551138     0.157621    -0.540510    -0.168249    -0.040846 
[34]      -          -0.561571     0.168770    -0.560976    -0.169365    -0.041105 
[45]      -          -0.561589     0.171699    -0.567106    -0.166181    -0.041222 
[56]      -          -0.560747     0.172319    -0.567857    -0.165209    -0.041074 
