#Cn    HF           Ccsd         Ppl          Mp2          Rest         (T)         
   2   -99.381092    -0.166657     0.025041    -0.154607    -0.037091    -0.002321 
   3   -99.406879    -0.216573     0.035064    -0.205227    -0.046411    -0.004375 
   4   -99.414085    -0.233896     0.039881    -0.223891    -0.049885    -0.004927 
   5   -99.416088    -0.240405     0.042233    -0.231964    -0.050674    -0.005173 
   6   -99.416279    -0.243074     0.043367    -0.235587    -0.050855    -0.005261 
[23]      -          -0.237590     0.039285    -0.226540    -0.050335    -0.005240 
[34]      -          -0.246537     0.043395    -0.237511    -0.052421    -0.005330 
[45]      -          -0.247235     0.044701    -0.240434    -0.051502    -0.005431 
[56]      -          -0.246741     0.044925    -0.240563    -0.051103    -0.005381 
