#Cn    HF           Ccsd         Ppl          Mp2          Rest         (T)         
   2  -198.699910    -0.434041     0.085701    -0.426630    -0.093113    -0.012931 
   3  -198.756136    -0.537695     0.107181    -0.534772    -0.110104    -0.019784 
   4  -198.770359    -0.573952     0.117504    -0.574535    -0.116921    -0.021349 
   5  -198.774371    -0.587390     0.122455    -0.591487    -0.118358    -0.022060 
   6  -198.774752    -0.592943     0.124852    -0.599150    -0.118645    -0.022323 
[23]      -          -0.581338     0.116225    -0.580305    -0.117258    -0.022670 
[34]      -          -0.600410     0.125038    -0.603552    -0.121896    -0.022492 
[45]      -          -0.601488     0.127650    -0.609273    -0.119866    -0.022806 
[56]      -          -0.600572     0.128143    -0.609676    -0.119040    -0.022683 
