#Cn    HF           Ccsd         Ppl          Mp2          Rest         (T)         
   2   -99.428282    -0.234408     0.039506    -0.237666    -0.036248    -0.005943 
   3   -99.450807    -0.288494     0.051606    -0.295072    -0.045028    -0.010236 
   4   -99.457462    -0.308357     0.057622    -0.316945    -0.049035    -0.011254 
   5   -99.459261    -0.315628     0.060498    -0.326296    -0.049829    -0.011674 
   6   -99.459430    -0.318636     0.061900    -0.330541    -0.049995    -0.011825 
[23]      -          -0.311267     0.056701    -0.319242    -0.048726    -0.012044 
[34]      -          -0.322852     0.062013    -0.332906    -0.051959    -0.011996 
[45]      -          -0.323256     0.063514    -0.336107    -0.050663    -0.012115 
[56]      -          -0.322768     0.063826    -0.336372    -0.050223    -0.012031 
