#Cn    HF           Ccsd         Ppl          Mp2          Rest         (T)         
   2   -98.801665    -0.118220     0.017030    -0.103167    -0.032083    -0.001221 
   3   -98.830877    -0.160288     0.025110    -0.145011    -0.040387    -0.002200 
   4   -98.838841    -0.174033     0.028785    -0.159886    -0.042932    -0.002565 
   5   -98.840939    -0.179253     0.030579    -0.166269    -0.043563    -0.002736 
   6   -98.841145    -0.181331     0.031422    -0.169043    -0.043711    -0.002789 
[23]      -          -0.178001     0.028512    -0.162630    -0.043884    -0.002613 
[34]      -          -0.184064     0.031466    -0.170741    -0.044790    -0.002831 
[45]      -          -0.184729     0.032462    -0.172966    -0.044225    -0.002915 
[56]      -          -0.184187     0.032579    -0.172852    -0.043913    -0.002863 
