#Cn    HF           Ccsd         Ppl          Mp2          Rest         (T)         
   2    -0.499334     0.000000     0.000000     0.000000     0.000000     0.000000 
   3    -0.499821     0.000000     0.000000     0.000000     0.000000     0.000000 
   4    -0.499948     0.000000     0.000000     0.000000     0.000000     0.000000 
   5    -0.499995    -0.000000     0.000000    -0.000000     0.000000     0.000000 
   6    -0.499999    -0.000000     0.000000    -0.000000    -0.000000     0.000000 
[23]      -           0.000000     0.000000     0.000000     0.000000     0.000000 
[34]      -           0.000000     0.000000     0.000000     0.000000     0.000000 
[45]      -          -0.000000     0.000000    -0.000000     0.000000     0.000000 
[56]      -          -0.000000     0.000000    -0.000000    -0.000000     0.000000 
