#Cn    HF           Ccsd         Ppl          Mp2          Rest         (T)         
   2    -1.128743    -0.035758     0.010854    -0.027258    -0.019355     0.000000 
   3    -1.133049    -0.039566     0.013008    -0.031974    -0.020600     0.000000 
   4    -1.133499    -0.040355     0.013672    -0.033240    -0.020787     0.000000 
   5    -1.133637    -0.040603     0.013930    -0.033729    -0.020805     0.000000 
   6    -1.133653    -0.040696     0.014046    -0.033942    -0.020800     0.000000 
[23]      -          -0.041169     0.013915    -0.033959    -0.021124     0.000000 
[34]      -          -0.040931     0.014157    -0.034164    -0.020923     0.000000 
[45]      -          -0.040864     0.014201    -0.034242    -0.020823     0.000000 
[56]      -          -0.040823     0.014205    -0.034235    -0.020793     0.000000 
