#Cn    HF           Ccsd         Ppl          Mp2          Rest         (T)         
   2  -113.884647    -0.348036     0.078193    -0.333881    -0.092347    -0.012091 
   3  -113.913145    -0.412213     0.097446    -0.403265    -0.106393    -0.017565 
   4  -113.920516    -0.433010     0.105734    -0.428132    -0.110612    -0.018812 
   5  -113.922241    -0.440059     0.109318    -0.438046    -0.111331    -0.019275 
   6  -113.922441    -0.442918     0.111024    -0.442505    -0.111437    -0.019439 
[23]      -          -0.439235     0.105552    -0.432480    -0.112307    -0.019870 
[34]      -          -0.448186     0.111782    -0.446278    -0.113690    -0.019723 
[45]      -          -0.447454     0.113079    -0.448447    -0.112087    -0.019761 
[56]      -          -0.446847     0.113366    -0.448631    -0.111582    -0.019665 
