#Cn    HF           Ccsd         Ppl          Mp2          Rest         (T)         
   2   -76.041141    -0.227474     0.045461    -0.219730    -0.053205    -0.005240 
   3   -76.060282    -0.273375     0.057828    -0.268710    -0.062492    -0.008669 
   4   -76.065649    -0.288513     0.063322    -0.286258    -0.065578    -0.009414 
   5   -76.066965    -0.293621     0.065724    -0.293246    -0.066099    -0.009694 
   6   -76.067107    -0.295643     0.066837    -0.296296    -0.066184    -0.009791 
[23]      -          -0.292701     0.063035    -0.289334    -0.066402    -0.010113 
[34]      -          -0.299560     0.067332    -0.299063    -0.067829    -0.009958 
[45]      -          -0.298981     0.068243    -0.300577    -0.066647    -0.009989 
[56]      -          -0.298420     0.068365    -0.300486    -0.066299    -0.009923 
