#Cn    HF           Ccsd         Ppl          Mp2          Rest         (T)         
   2  -150.801252    -0.428605     0.089650    -0.416623    -0.101632    -0.013146 
   3  -150.838815    -0.515228     0.112312    -0.509172    -0.118368    -0.020217 
   4  -150.848738    -0.543738     0.122431    -0.542285    -0.123884    -0.021814 
   5  -150.851234    -0.553580     0.126947    -0.555672    -0.124856    -0.022425 
   6  -150.851495    -0.557531     0.129072    -0.561595    -0.125008    -0.022640 
[23]      -          -0.551701     0.121854    -0.548140    -0.125415    -0.023195 
[34]      -          -0.564542     0.129816    -0.566448    -0.127910    -0.022979 
[45]      -          -0.563907     0.131685    -0.569717    -0.125875    -0.023066 
[56]      -          -0.562957     0.131991    -0.569731    -0.125217    -0.022935 
