#Cn    HF           Ccsd         Ppl          Mp2          Rest         (T)         
   2   -75.638171    -0.176414     0.034248    -0.159246    -0.051416    -0.002972 
   3   -75.658543    -0.216571     0.044603    -0.201138    -0.060036    -0.005182 
   4   -75.663940    -0.229449     0.049107    -0.215954    -0.062602    -0.005715 
   5   -75.665281    -0.233844     0.051085    -0.221866    -0.063063    -0.005918 
   6   -75.665419    -0.235562     0.051989    -0.224409    -0.063142    -0.005986 
[23]      -          -0.233479     0.048962    -0.218776    -0.063665    -0.006113 
[34]      -          -0.238846     0.052395    -0.226767    -0.064474    -0.006103 
[45]      -          -0.238455     0.053160    -0.228068    -0.063547    -0.006132 
[56]      -          -0.237921     0.053232    -0.227902    -0.063250    -0.006079 
