#Cn    HF           Ccsd         Ppl          Mp2          Rest         (T)         
   2  -113.884646    -0.348037     0.078193    -0.333883    -0.092347    -0.012091 
   3  -113.913144    -0.412214     0.097446    -0.403267    -0.106393    -0.017565 
   4  -113.920514    -0.433011     0.105734    -0.428133    -0.110612    -0.018813 
   5  -113.922239    -0.440060     0.109319    -0.438047    -0.111332    -0.019276 
   6  -113.922440    -0.442919     0.111024    -0.442506    -0.111437    -0.019440 
[23]      -          -0.439236     0.105553    -0.432481    -0.112308    -0.019870 
[34]      -          -0.448187     0.111782    -0.446279    -0.113691    -0.019723 
[45]      -          -0.447455     0.113080    -0.448448    -0.112087    -0.019761 
[56]      -          -0.446848     0.113367    -0.448632    -0.111583    -0.019665 
