#Cn    HF           Ccsd         Ppl          Mp2          Rest         (T)         
   2  -460.094757    -0.180404     0.041913    -0.162408    -0.059909    -0.004343 
   3  -460.108676    -0.228266     0.057935    -0.208012    -0.078189    -0.008758 
   4  -460.112044    -0.243862     0.065276    -0.225255    -0.083883    -0.009913 
   5  -460.112655    -0.248949     0.068483    -0.232718    -0.084714    -0.010350 
   6  -460.112827    -0.251295     0.070150    -0.236576    -0.084869    -0.010536 
[23]      -          -0.248419     0.064681    -0.227214    -0.085886    -0.010617 
[34]      -          -0.255243     0.070633    -0.237838    -0.088039    -0.010757 
[45]      -          -0.254285     0.071848    -0.240549    -0.085585    -0.010808 
[56]      -          -0.254519     0.072439    -0.241874    -0.085083    -0.010791 
