#Cn    HF           Ccsd         Ppl          Mp2          Rest         (T)         
   2  -459.669068    -0.148380     0.034755    -0.125269    -0.057866    -0.003084 
   3  -459.685416    -0.189196     0.048752    -0.163426    -0.074522    -0.006258 
   4  -459.689042    -0.201260     0.054622    -0.177242    -0.078639    -0.007160 
   5  -459.689705    -0.205337     0.057200    -0.183266    -0.079272    -0.007483 
   6  -459.689913    -0.207265     0.058546    -0.186421    -0.079390    -0.007621 
[23]      -          -0.206382     0.054645    -0.179491    -0.081536    -0.007595 
[34]      -          -0.210063     0.058906    -0.187325    -0.081644    -0.007818 
[45]      -          -0.209615     0.059906    -0.189586    -0.079935    -0.007821 
[56]      -          -0.209913     0.060394    -0.190755    -0.079552    -0.007811 
