#Cn    HF           Ccsd         Ppl          Mp2          Rest         (T)         
   2   -92.885649    -0.304961     0.080252    -0.297406    -0.087807    -0.013909 
   3   -92.906677    -0.355494     0.097534    -0.353073    -0.099955    -0.018891 
   4   -92.912063    -0.371133     0.104696    -0.372676    -0.103152    -0.020035 
   5   -92.913194    -0.376339     0.107778    -0.380422    -0.103695    -0.020449 
   6   -92.913337    -0.378416     0.109228    -0.383886    -0.103757    -0.020596 
[23]      -          -0.376771     0.104811    -0.376512    -0.105070    -0.020989 
[34]      -          -0.382544     0.109922    -0.386981    -0.105485    -0.020869 
[45]      -          -0.381801     0.111011    -0.388548    -0.104264    -0.020883 
[56]      -          -0.381269     0.111220    -0.388645    -0.103843    -0.020798 
