#Cn    HF           Ccsd         Ppl          Mp2          Rest         (T)         
   2  -113.266377    -0.320817     0.071678    -0.310384    -0.082111    -0.012486 
   3  -113.293688    -0.380856     0.089243    -0.375003    -0.095096    -0.017955 
   4  -113.301080    -0.400712     0.096930    -0.398540    -0.099102    -0.019202 
   5  -113.302753    -0.407527     0.100313    -0.408012    -0.099829    -0.019677 
   6  -113.302947    -0.410286     0.101924    -0.412266    -0.099944    -0.019845 
[23]      -          -0.406135     0.096638    -0.402211    -0.100563    -0.020258 
[34]      -          -0.415201     0.102540    -0.415716    -0.102025    -0.020112 
[45]      -          -0.414678     0.103863    -0.417949    -0.100592    -0.020174 
[56]      -          -0.414075     0.104136    -0.418109    -0.100103    -0.020076 
