#Cn    HF           Ccsd         Ppl          Mp2          Rest         (T)         
   2  -188.796785    -0.539792     0.110476    -0.529497    -0.120771    -0.019145 
   3  -188.843535    -0.646235     0.139885    -0.643226    -0.142894    -0.027985 
   4  -188.855956    -0.681660     0.152924    -0.684530    -0.150053    -0.030014 
   5  -188.858857    -0.693795     0.158667    -0.701127    -0.151336    -0.030774 
   6  -188.859187    -0.698710     0.161395    -0.708560    -0.151544    -0.031042 
[23]      -          -0.691053     0.152268    -0.691112    -0.152209    -0.031708 
[34]      -          -0.707511     0.162438    -0.714671    -0.155278    -0.031494 
[45]      -          -0.706528     0.164693    -0.718540    -0.152681    -0.031572 
[56]      -          -0.705461     0.165142    -0.718771    -0.151831    -0.031410 
