#Cn    HF           Ccsd         Ppl          Mp2          Rest         (T)         
   2  -100.033242    -0.226234     0.038438    -0.222552    -0.042119    -0.004060 
   3  -100.060834    -0.281197     0.050325    -0.280057    -0.051465    -0.007545 
   4  -100.068303    -0.300749     0.056028    -0.301447    -0.055331    -0.008313 
   5  -100.070315    -0.307672     0.058646    -0.310231    -0.056087    -0.008623 
   6  -100.070511    -0.310521     0.059902    -0.314178    -0.056245    -0.008735 
[23]      -          -0.304339     0.055331    -0.304270    -0.055400    -0.009013 
[34]      -          -0.315017     0.060190    -0.317056    -0.058152    -0.008873 
[45]      -          -0.314935     0.061393    -0.319447    -0.056880    -0.008948 
[56]      -          -0.314434     0.061627    -0.319600    -0.056461    -0.008889 
