#Cn    HF           Ccsd         Ppl          Mp2          Rest         (T)         
   2   -99.506335    -0.170940     0.027716    -0.157216    -0.041439    -0.002488 
   3   -99.537363    -0.219983     0.037772    -0.207179    -0.050577    -0.004377 
   4   -99.545208    -0.236589     0.042437    -0.225283    -0.053743    -0.004903 
   5   -99.547332    -0.242614     0.044611    -0.232813    -0.054412    -0.005126 
   6   -99.547531    -0.245066     0.045640    -0.236151    -0.054556    -0.005203 
[23]      -          -0.240633     0.042007    -0.228216    -0.054424    -0.005172 
[34]      -          -0.248707     0.045840    -0.238494    -0.056053    -0.005286 
[45]      -          -0.248936     0.046893    -0.240714    -0.055114    -0.005361 
[56]      -          -0.248435     0.047054    -0.240736    -0.054754    -0.005309 
