#Cn    HF           Ccsd         Ppl          Mp2          Rest         (T)         
   2  -167.789921    -0.492499     0.107204    -0.490317    -0.109386    -0.021994 
   3  -167.830211    -0.585263     0.134545    -0.590064    -0.129743    -0.030438 
   4  -167.840896    -0.615670     0.146427    -0.626095    -0.136003    -0.032343 
   5  -167.843238    -0.625987     0.151635    -0.640495    -0.137128    -0.033050 
   6  -167.843518    -0.630153     0.154101    -0.646951    -0.137303    -0.033298 
[23]      -          -0.624321     0.146057    -0.632063    -0.138315    -0.033993 
[34]      -          -0.637860     0.155098    -0.652387    -0.140570    -0.033734 
[45]      -          -0.636811     0.157100    -0.655603    -0.138308    -0.033791 
[56]      -          -0.635874     0.157488    -0.655819    -0.137543    -0.033640 
