#Cn    HF           Ccsd         Ppl          Mp2          Rest         (T)         
   2  -534.889884    -0.379389     0.082053    -0.359965    -0.101477    -0.012038 
   3  -534.923707    -0.468300     0.108319    -0.449708    -0.126911    -0.019948 
   4  -534.932246    -0.497802     0.120344    -0.483119    -0.135027    -0.021986 
   5  -534.934123    -0.507848     0.125726    -0.497225    -0.136349    -0.022758 
   6  -534.934456    -0.512230     0.128440    -0.504078    -0.136591    -0.023066 
[23]      -          -0.505736     0.119378    -0.487494    -0.137619    -0.023279 
[34]      -          -0.519331     0.129119    -0.507501    -0.140949    -0.023472 
[45]      -          -0.518388     0.131373    -0.512025    -0.137737    -0.023568 
[56]      -          -0.518248     0.132168    -0.513492    -0.136924    -0.023490 
