#Cn    HF           Ccsd         Ppl          Mp2          Rest         (T)         
   2   -54.393183    -0.092524     0.018508    -0.074990    -0.036042    -0.001274 
   3   -54.401162    -0.113206     0.025000    -0.097485    -0.040720    -0.002556 
   4   -54.403820    -0.118792     0.027532    -0.104622    -0.041701    -0.002900 
   5   -54.404469    -0.120730     0.028670    -0.107500    -0.041900    -0.003024 
   6   -54.404538    -0.121472     0.029193    -0.108735    -0.041930    -0.003065 
[23]      -          -0.121913     0.027733    -0.106957    -0.042690    -0.003096 
[34]      -          -0.122868     0.029379    -0.109830    -0.042417    -0.003151 
[45]      -          -0.122764     0.029864    -0.110520    -0.042108    -0.003154 
[56]      -          -0.122492     0.029911    -0.110433    -0.041971    -0.003122 
