#Cn    HF           Ccsd         Ppl          Mp2          Rest         (T)         
   2  -108.957736    -0.323500     0.083074    -0.322193    -0.084382    -0.014031 
   3  -108.980760    -0.380018     0.100820    -0.384040    -0.096798    -0.019809 
   4  -108.987494    -0.398196     0.108350    -0.406173    -0.100373    -0.021084 
   5  -108.988874    -0.404522     0.111729    -0.415174    -0.101077    -0.021572 
   6  -108.989047    -0.407035     0.113306    -0.419153    -0.101188    -0.021744 
[23]      -          -0.403815     0.108292    -0.410081    -0.102026    -0.022241 
[34]      -          -0.411461     0.113844    -0.422323    -0.102982    -0.022014 
[45]      -          -0.411160     0.115274    -0.424619    -0.101815    -0.022084 
[56]      -          -0.410485     0.115474    -0.424618    -0.101341    -0.021979 
