#Cn    HF           Ccsd         Ppl          Mp2          Rest         (T)         
   2  -108.378078    -0.336587     0.102178    -0.346573    -0.092192    -0.018981 
   3  -108.401774    -0.383745     0.118144    -0.400146    -0.101743    -0.025144 
   4  -108.408783    -0.399094     0.124852    -0.419432    -0.104513    -0.026517 
   5  -108.410170    -0.404399     0.127844    -0.427227    -0.105016    -0.027042 
   6  -108.410340    -0.406483     0.129225    -0.430634    -0.105075    -0.027226 
[23]      -          -0.403601     0.124867    -0.422702    -0.105765    -0.027739 
[34]      -          -0.410294     0.129746    -0.433506    -0.106535    -0.027519 
[45]      -          -0.409965     0.130983    -0.435405    -0.105543    -0.027593 
[56]      -          -0.409346     0.131123    -0.435314    -0.105155    -0.027478 
