#Cn    HF           Ccsd         Ppl          Mp2          Rest         (T)         
   2  -111.201108    -0.395265     0.086298    -0.372077    -0.109485    -0.011740 
   3  -111.227693    -0.465989     0.108875    -0.449102    -0.125762    -0.017596 
   4  -111.234736    -0.487083     0.118068    -0.475089    -0.130062    -0.018896 
   5  -111.236343    -0.493867     0.121894    -0.485050    -0.130710    -0.019336 
   6  -111.236534    -0.496541     0.123659    -0.489415    -0.130784    -0.019488 
[23]      -          -0.495767     0.118381    -0.481533    -0.132616    -0.020061 
[34]      -          -0.502476     0.124777    -0.494052    -0.133200    -0.019844 
[45]      -          -0.500984     0.125907    -0.495501    -0.131390    -0.019798 
[56]      -          -0.500214     0.126084    -0.495412    -0.130886    -0.019698 
