#Cn    HF           Ccsd         Ppl          Mp2          Rest         (T)         
   2   -53.881265    -0.077235     0.020299    -0.054838    -0.042696    -0.000872 
   3   -53.890445    -0.092926     0.025251    -0.072020    -0.046158    -0.001633 
   4   -53.893227    -0.097578     0.027359    -0.077973    -0.046963    -0.001837 
   5   -53.893861    -0.099165     0.028293    -0.080349    -0.047109    -0.001917 
   6   -53.893940    -0.099749     0.028715    -0.081348    -0.047116    -0.001943 
[23]      -          -0.099533     0.027337    -0.079255    -0.047615    -0.001953 
[34]      -          -0.100972     0.028897    -0.082317    -0.047551    -0.001987 
[45]      -          -0.100830     0.029273    -0.082841    -0.047262    -0.002001 
[56]      -          -0.100552     0.029294    -0.082721    -0.047125    -0.001978 
