#Cn    HF           Ccsd         Ppl          Mp2          Rest         (T)         
   2   -54.972044    -0.130970     0.027832    -0.110436    -0.048366    -0.002451 
   3   -54.982655    -0.158231     0.036414    -0.139425    -0.055221    -0.004189 
   4   -54.985678    -0.165829     0.039820    -0.148862    -0.056786    -0.004607 
   5   -54.986389    -0.168373     0.041294    -0.152604    -0.057063    -0.004758 
   6   -54.986470    -0.169358     0.041970    -0.154223    -0.057105    -0.004808 
[23]      -          -0.169710     0.040028    -0.151631    -0.058107    -0.004922 
[34]      -          -0.171372     0.042305    -0.155749    -0.057929    -0.004912 
[45]      -          -0.171042     0.042840    -0.156529    -0.057353    -0.004916 
[56]      -          -0.170711     0.042898    -0.156447    -0.057163    -0.004876 
