#Cn    HF           Ccsd         Ppl          Mp2          Rest         (T)         
   2   -55.575119    -0.172616     0.037928    -0.153224    -0.057319    -0.003896 
   3   -55.588115    -0.205504     0.048522    -0.188521    -0.065506    -0.006194 
   4   -55.591456    -0.214904     0.052761    -0.200176    -0.067489    -0.006712 
   5   -55.592245    -0.217967     0.054543    -0.204710    -0.067800    -0.006894 
   6   -55.592339    -0.219157     0.055359    -0.206676    -0.067839    -0.006955 
[23]      -          -0.219352     0.052983    -0.203383    -0.068953    -0.007161 
[34]      -          -0.221764     0.055854    -0.208681    -0.068937    -0.007091 
[45]      -          -0.221180     0.056413    -0.209468    -0.068125    -0.007084 
[56]      -          -0.220791     0.056479    -0.209376    -0.067894    -0.007039 
