#Cn    HF           Ccsd         Ppl          Mp2          Rest         (T)         
   2   -55.535931    -0.227114     0.053699    -0.219972    -0.060841    -0.008575 
   3   -55.548402    -0.263684     0.066596    -0.261046    -0.069234    -0.012210 
   4   -55.551789    -0.274402     0.071831    -0.274867    -0.071366    -0.013033 
   5   -55.552645    -0.277925     0.074060    -0.280380    -0.071604    -0.013360 
   6   -55.552787    -0.279340     0.075105    -0.282859    -0.071586    -0.013494 
[23]      -          -0.279082     0.072026    -0.278340    -0.072768    -0.013741 
[34]      -          -0.282223     0.075651    -0.284953    -0.072921    -0.013633 
[45]      -          -0.281622     0.076398    -0.286165    -0.071855    -0.013703 
[56]      -          -0.281284     0.076541    -0.286264    -0.071561    -0.013679 
