#Cn    HF           Ccsd         Ppl          Mp2          Rest         (T)         
   2   -56.205403    -0.214359     0.047661    -0.199338    -0.062683    -0.005457 
   3   -56.220324    -0.251885     0.060011    -0.240217    -0.071680    -0.008334 
   4   -56.223970    -0.262804     0.064966    -0.253796    -0.073975    -0.008955 
   5   -56.224852    -0.266268     0.066996    -0.258964    -0.074300    -0.009163 
   6   -56.224957    -0.267620     0.067925    -0.261210    -0.074335    -0.009234 
[23]      -          -0.267686     0.065211    -0.257429    -0.075468    -0.009545 
[34]      -          -0.270772     0.068582    -0.263705    -0.075650    -0.009408 
[45]      -          -0.269901     0.069126    -0.264387    -0.074641    -0.009381 
[56]      -          -0.269477     0.069201    -0.264294    -0.074384    -0.009333 
