#Cn    HF           Ccsd         Ppl          Mp2          Rest         (T)         
   2  -129.268836    -0.342724     0.077479    -0.330571    -0.089632    -0.013435 
   3  -129.297080    -0.409366     0.095817    -0.401049    -0.104134    -0.019582 
   4  -129.305583    -0.431332     0.103889    -0.426489    -0.108732    -0.020990 
   5  -129.307471    -0.439118     0.107581    -0.437001    -0.109698    -0.021548 
   6  -129.307689    -0.442280     0.109337    -0.441738    -0.109878    -0.021748 
[23]      -          -0.437426     0.103539    -0.430724    -0.110241    -0.022170 
[34]      -          -0.447361     0.109778    -0.445053    -0.112086    -0.022018 
[45]      -          -0.447287     0.111455    -0.448030    -0.110713    -0.022133 
[56]      -          -0.446623     0.111749    -0.448246    -0.110126    -0.022022 
