#Cn    HF           Ccsd         Ppl          Mp2          Rest         (T)         
   2   -74.796601    -0.127241     0.021773    -0.110366    -0.038647    -0.001812 
   3   -74.812982    -0.162540     0.030341    -0.146312    -0.046569    -0.003430 
   4   -74.817625    -0.173773     0.034170    -0.159084    -0.048860    -0.003869 
   5   -74.818838    -0.177863     0.035984    -0.164488    -0.049360    -0.004052 
   6   -74.818961    -0.179493     0.036844    -0.166874    -0.049463    -0.004114 
[23]      -          -0.177403     0.033949    -0.161447    -0.049905    -0.004111 
[34]      -          -0.181971     0.036965    -0.168404    -0.050531    -0.004190 
[45]      -          -0.182153     0.037887    -0.170157    -0.049884    -0.004244 
[56]      -          -0.181733     0.038026    -0.170153    -0.049606    -0.004200 
