#Cn    HF           Ccsd         Ppl          Mp2          Rest         (T)         
   2  -149.631983    -0.374212     0.080985    -0.371893    -0.083304    -0.013540 
   3  -149.667516    -0.450958     0.100358    -0.452516    -0.098800    -0.020552 
   4  -149.677513    -0.476429     0.109075    -0.481614    -0.103890    -0.022183 
   5  -149.679936    -0.485569     0.113116    -0.493714    -0.104971    -0.022844 
   6  -149.680199    -0.489285     0.115044    -0.499124    -0.105205    -0.023086 
[23]      -          -0.483272     0.108516    -0.486463    -0.105325    -0.023504 
[34]      -          -0.495016     0.115435    -0.502848    -0.107604    -0.023373 
[45]      -          -0.495159     0.117356    -0.506410    -0.106104    -0.023538 
[56]      -          -0.494389     0.117692    -0.506554    -0.105528    -0.023417 
