#Cn    HF           Ccsd         Ppl          Mp2          Rest         (T)         
   2  -149.168890    -0.394124     0.102665    -0.408886    -0.087903    -0.016954 
   3  -149.207296    -0.463912     0.121221    -0.484013    -0.101120    -0.024326 
   4  -149.218131    -0.487535     0.129474    -0.511642    -0.105367    -0.025950 
   5  -149.220649    -0.496034     0.133276    -0.523085    -0.106225    -0.026617 
   6  -149.220926    -0.499481     0.135075    -0.528169    -0.106388    -0.026855 
[23]      -          -0.493297     0.129034    -0.515645    -0.106685    -0.027430 
[34]      -          -0.504774     0.135496    -0.531803    -0.108467    -0.027135 
[45]      -          -0.504951     0.137265    -0.535091    -0.107125    -0.027316 
[56]      -          -0.504216     0.137548    -0.535152    -0.106612    -0.027182 
