#Cn    HF           Ccsd         Ppl          Mp2          Rest         (T)         
   2   -74.777374    -0.186438     0.035774    -0.176237    -0.045975    -0.005469 
   3   -74.792218    -0.226842     0.046667    -0.219112    -0.054397    -0.008820 
   4   -74.796588    -0.240436     0.051732    -0.234930    -0.057238    -0.009651 
   5   -74.797713    -0.245302     0.054100    -0.241661    -0.057741    -0.010003 
   6   -74.797837    -0.247295     0.055244    -0.244735    -0.057803    -0.010152 
[23]      -          -0.243855     0.051253    -0.237164    -0.057943    -0.010231 
[34]      -          -0.250357     0.055428    -0.246473    -0.059311    -0.010258 
[45]      -          -0.250407     0.056584    -0.248723    -0.058268    -0.010372 
[56]      -          -0.250032     0.056815    -0.248958    -0.057888    -0.010357 
