#Cn    HF           Ccsd         Ppl          Mp2          Rest         (T)         
   2   -74.353498    -0.088200     0.015139    -0.072228    -0.031111    -0.000786 
   3   -74.370750    -0.113381     0.021220    -0.098448    -0.036152    -0.001671 
   4   -74.375732    -0.120957     0.023770    -0.107303    -0.037424    -0.001960 
   5   -74.376978    -0.123658     0.024942    -0.110868    -0.037731    -0.002081 
   6   -74.377113    -0.124665     0.025472    -0.112347    -0.037790    -0.002118 
[23]      -          -0.123983     0.023780    -0.109488    -0.038275    -0.002044 
[34]      -          -0.126486     0.025630    -0.113764    -0.038352    -0.002170 
[45]      -          -0.126491     0.026171    -0.114609    -0.038054    -0.002208 
[56]      -          -0.126050     0.026200    -0.114378    -0.037872    -0.002168 
