#Cn    HF           Ccsd         Ppl          Mp2          Rest         (T)         
   2   -75.403663    -0.176969     0.033604    -0.161879    -0.048694    -0.003357 
   3   -75.421651    -0.218045     0.044165    -0.204686    -0.057524    -0.005877 
   4   -75.426645    -0.231377     0.048877    -0.219984    -0.060271    -0.006471 
   5   -75.427900    -0.236018     0.051004    -0.226234    -0.060788    -0.006703 
   6   -75.428031    -0.237865     0.052000    -0.228984    -0.060882    -0.006783 
[23]      -          -0.235341     0.048612    -0.222710    -0.061243    -0.006938 
[34]      -          -0.241106     0.052316    -0.231147    -0.062275    -0.006905 
[45]      -          -0.240887     0.053234    -0.232791    -0.061330    -0.006947 
[56]      -          -0.240403     0.053370    -0.232761    -0.061011    -0.006892 
