#Cn    HF           Ccsd         Ppl          Mp2          Rest         (T)         
   2   -75.395765    -0.240056     0.049943    -0.241221    -0.048778    -0.008087 
   3   -75.412032    -0.284989     0.062696    -0.290256    -0.057430    -0.012403 
   4   -75.416808    -0.300139     0.068486    -0.308155    -0.060470    -0.013385 
   5   -75.418000    -0.305369     0.071085    -0.315505    -0.060949    -0.013788 
   6   -75.418134    -0.307504     0.072322    -0.318826    -0.061000    -0.013954 
[23]      -          -0.303909     0.068066    -0.310903    -0.061072    -0.014221 
[34]      -          -0.311195     0.072711    -0.321216    -0.062689    -0.014101 
[45]      -          -0.310855     0.073811    -0.323216    -0.061451    -0.014211 
[56]      -          -0.310438     0.074022    -0.323389    -0.061071    -0.014181 
