#Cn    HF           Ccsd         Ppl          Mp2          Rest         (T)         
   2   -74.985597    -0.130440     0.024306    -0.111185    -0.043561    -0.001790 
   3   -75.004388    -0.163819     0.032596    -0.145659    -0.050756    -0.003225 
   4   -75.009560    -0.174237     0.036167    -0.157637    -0.052767    -0.003619 
   5   -75.010856    -0.177869     0.037767    -0.162464    -0.053172    -0.003778 
   6   -75.010989    -0.179273     0.038498    -0.164522    -0.053248    -0.003829 
[23]      -          -0.177873     0.036086    -0.160174    -0.053785    -0.003829 
[34]      -          -0.181839     0.038774    -0.166378    -0.054235    -0.003906 
[45]      -          -0.181680     0.039445    -0.167528    -0.053597    -0.003945 
[56]      -          -0.181201     0.039502    -0.167350    -0.053353    -0.003899 
