#Cn    HF           Ccsd         Ppl          Mp2          Rest         (T)         
   2  -340.709958    -0.087235     0.024203    -0.068103    -0.043335    -0.001697 
   3  -340.716492    -0.102209     0.032255    -0.084435    -0.050029    -0.004078 
   4  -340.718741    -0.105241     0.035097    -0.089598    -0.050740    -0.004646 
   5  -340.719160    -0.106534     0.036352    -0.092101    -0.050785    -0.004822 
   6  -340.719251    -0.107039     0.036962    -0.093213    -0.050787    -0.004891 
[23]      -          -0.108514     0.035645    -0.091311    -0.052848    -0.005081 
[34]      -          -0.107454     0.037171    -0.093366    -0.051259    -0.005060 
[45]      -          -0.107891     0.037669    -0.094728    -0.050832    -0.005007 
[56]      -          -0.107732     0.037799    -0.094741    -0.050790    -0.004985 
