#Cn    HF           Ccsd         Ppl          Mp2          Rest         (T)         
   2  -681.474347    -0.257697     0.080708    -0.239458    -0.098947    -0.016817 
   3  -681.491685    -0.301294     0.100704    -0.286088    -0.115910    -0.023046 
   4  -681.496685    -0.314866     0.109600    -0.304283    -0.120184    -0.024614 
   5  -681.497520    -0.319954     0.113656    -0.312735    -0.120875    -0.025238 
   6  -681.497803    -0.321932     0.115611    -0.316580    -0.120963    -0.025466 
[23]      -          -0.319651     0.109123    -0.305722    -0.123052    -0.025669 
[34]      -          -0.324770     0.116092    -0.317560    -0.123302    -0.025758 
[45]      -          -0.325292     0.117912    -0.321604    -0.121600    -0.025893 
[56]      -          -0.324648     0.118296    -0.321861    -0.121084    -0.025779 
