#Cn    HF           Ccsd         Ppl          Mp2          Rest         (T)         
   2  -340.696609    -0.111705     0.030271    -0.091201    -0.050775    -0.003624 
   3  -340.704674    -0.134097     0.041159    -0.113423    -0.061833    -0.006571 
   4  -340.706881    -0.139724     0.045625    -0.121394    -0.063955    -0.007331 
   5  -340.707285    -0.141702     0.047575    -0.125111    -0.064166    -0.007580 
   6  -340.707414    -0.142480     0.048546    -0.126846    -0.064179    -0.007680 
[23]      -          -0.143525     0.045744    -0.122779    -0.066489    -0.007812 
[34]      -          -0.143830     0.048884    -0.127211    -0.065503    -0.007885 
[45]      -          -0.143777     0.049621    -0.129011    -0.064386    -0.007842 
[56]      -          -0.143549     0.049879    -0.129230    -0.064198    -0.007817 
