#Cn    HF           Ccsd         Ppl          Mp2          Rest         (T)         
   2  -340.344823    -0.073022     0.022660    -0.051222    -0.044460    -0.001143 
   3  -340.352275    -0.083133     0.028699    -0.062885    -0.048948    -0.002373 
   4  -340.354693    -0.085356     0.030950    -0.066840    -0.049466    -0.002665 
   5  -340.355148    -0.086324     0.031933    -0.068784    -0.049473    -0.002764 
   6  -340.355269    -0.086699     0.032417    -0.069650    -0.049466    -0.002802 
[23]      -          -0.087391     0.031242    -0.067796    -0.050838    -0.002891 
[34]      -          -0.086977     0.032593    -0.069726    -0.049844    -0.002878 
[45]      -          -0.087339     0.032965    -0.070823    -0.049481    -0.002868 
[56]      -          -0.087215     0.033081    -0.070839    -0.049456    -0.002854 
