#Cn    HF           Ccsd         Ppl          Mp2          Rest         (T)         
   2  -341.290090    -0.111318     0.029625    -0.086880    -0.054063    -0.002738 
   3  -341.299223    -0.132087     0.039322    -0.107982    -0.063427    -0.004813 
   4  -341.301882    -0.137067     0.043017    -0.115013    -0.065071    -0.005346 
   5  -341.302388    -0.138854     0.044588    -0.118185    -0.065258    -0.005524 
   6  -341.302519    -0.139546     0.045337    -0.119598    -0.065284    -0.005588 
[23]      -          -0.140832     0.043406    -0.116867    -0.067370    -0.005687 
[34]      -          -0.140701     0.045714    -0.120143    -0.066271    -0.005735 
[45]      -          -0.140730     0.046236    -0.121513    -0.065454    -0.005710 
[56]      -          -0.140496     0.046365    -0.121540    -0.065321    -0.005678 
