#Cn    HF           Ccsd         Ppl          Mp2          Rest         (T)         
   2  -341.880139    -0.174534     0.047984    -0.149910    -0.072608    -0.006340 
   3  -341.891055    -0.204736     0.062181    -0.181810    -0.085107    -0.009478 
   4  -341.894063    -0.212696     0.067853    -0.192685    -0.087864    -0.010289 
   5  -341.894631    -0.215294     0.070228    -0.197371    -0.088150    -0.010566 
   6  -341.894800    -0.216299     0.071358    -0.199498    -0.088159    -0.010667 
[23]      -          -0.217452     0.068159    -0.195241    -0.090370    -0.010799 
[34]      -          -0.218505     0.071991    -0.200621    -0.089876    -0.010880 
[45]      -          -0.218019     0.072720    -0.202288    -0.088450    -0.010856 
[56]      -          -0.217681     0.072910    -0.202419    -0.088171    -0.010806 
