#Cn    HF           Ccsd         Ppl          Mp2          Rest         (T)         
   2  -341.535500    -0.130180     0.040025    -0.099851    -0.070355    -0.002834 
   3  -341.546766    -0.151777     0.050482    -0.122827    -0.079431    -0.004292 
   4  -341.549800    -0.157453     0.054529    -0.130702    -0.081280    -0.004667 
   5  -341.550443    -0.159313     0.056172    -0.134075    -0.081410    -0.004802 
   6  -341.550651    -0.160040     0.056959    -0.135605    -0.081394    -0.004849 
[23]      -          -0.160871     0.054885    -0.132502    -0.083253    -0.004905 
[34]      -          -0.161596     0.057482    -0.136448    -0.082629    -0.004940 
[45]      -          -0.161264     0.057896    -0.137613    -0.081546    -0.004944 
[56]      -          -0.161039     0.058040    -0.137708    -0.081371    -0.004913 
