#Cn    HF           Ccsd         Ppl          Mp2          Rest         (T)         
   2  -341.877999    -0.141048     0.037795    -0.113460    -0.065383    -0.003791 
   3  -341.889440    -0.166476     0.049342    -0.139711    -0.076107    -0.005936 
   4  -341.892490    -0.173050     0.053858    -0.148557    -0.078350    -0.006501 
   5  -341.893081    -0.175245     0.055728    -0.152372    -0.078601    -0.006695 
   6  -341.893250    -0.176095     0.056614    -0.154081    -0.078627    -0.006763 
[23]      -          -0.177183     0.054204    -0.150764    -0.080623    -0.006839 
[34]      -          -0.177846     0.057153    -0.155013    -0.079987    -0.006913 
[45]      -          -0.177548     0.057690    -0.156374    -0.078865    -0.006898 
[56]      -          -0.177262     0.057830    -0.156430    -0.078663    -0.006858 
