#Cn    HF           Ccsd         Ppl          Mp2          Rest         (T)         
   2  -342.477520    -0.171791     0.046489    -0.141955    -0.076325    -0.004748 
   3  -342.490591    -0.201249     0.059863    -0.173213    -0.087899    -0.007120 
   4  -342.494003    -0.209107     0.065093    -0.183662    -0.090538    -0.007743 
   5  -342.494680    -0.211628     0.067215    -0.188026    -0.090817    -0.007957 
   6  -342.494884    -0.212607     0.068218    -0.189991    -0.090833    -0.008031 
[23]      -          -0.213652     0.065495    -0.186375    -0.092772    -0.008118 
[34]      -          -0.214842     0.068909    -0.191287    -0.092463    -0.008198 
[45]      -          -0.214273     0.069442    -0.192605    -0.091110    -0.008182 
[56]      -          -0.213951     0.069595    -0.192690    -0.090856    -0.008133 
