#Cn    HF           Ccsd         Ppl          Mp2          Rest         (T)         
   2  -341.283213    -0.142018     0.038578    -0.118732    -0.061864    -0.004983 
   3  -341.292974    -0.168768     0.051146    -0.145856    -0.074058    -0.007958 
   4  -341.295588    -0.175732     0.056273    -0.155378    -0.076627    -0.008731 
   5  -341.296073    -0.178062     0.058459    -0.159618    -0.076902    -0.008993 
   6  -341.296217    -0.178967     0.059515    -0.161556    -0.076926    -0.009093 
[23]      -          -0.180031     0.056438    -0.157277    -0.079192    -0.009210 
[34]      -          -0.180815     0.060014    -0.162327    -0.078502    -0.009295 
[45]      -          -0.180506     0.060753    -0.164067    -0.077191    -0.009268 
[56]      -          -0.180209     0.060966    -0.164216    -0.076958    -0.009230 
