#Cn    HF           Ccsd         Ppl          Mp2          Rest         (T)         
   2  -340.934586    -0.099971     0.030495    -0.073037    -0.057428    -0.001994 
   3  -340.944325    -0.116314     0.038730    -0.090272    -0.064772    -0.003220 
   4  -340.947072    -0.120416     0.041921    -0.096252    -0.066085    -0.003525 
   5  -340.947624    -0.121874     0.043255    -0.098950    -0.066180    -0.003635 
   6  -340.947788    -0.122442     0.043899    -0.100165    -0.066175    -0.003675 
[23]      -          -0.123195     0.042198    -0.097529    -0.067864    -0.003736 
[34]      -          -0.123410     0.044249    -0.100616    -0.067042    -0.003748 
[45]      -          -0.123405     0.044656    -0.101781    -0.066279    -0.003751 
[56]      -          -0.123221     0.044783    -0.101835    -0.066169    -0.003729 
