#Cn    HF           Ccsd         Ppl          Mp2          Rest         (T)         
   2  -415.588874    -0.312839     0.072931    -0.303801    -0.081969    -0.013969 
   3  -415.625133    -0.371676     0.091468    -0.365637    -0.097508    -0.020176 
   4  -415.633084    -0.391481     0.099951    -0.389368    -0.102063    -0.021659 
   5  -415.635050    -0.398677     0.103854    -0.399658    -0.102873    -0.022225 
   6  -415.635440    -0.401570     0.105731    -0.404296    -0.103005    -0.022427 
[23]      -          -0.396450     0.099273    -0.391673    -0.104051    -0.022790 
[34]      -          -0.405933     0.106141    -0.406686    -0.105387    -0.022741 
[45]      -          -0.406228     0.107949    -0.410455    -0.103723    -0.022819 
[56]      -          -0.405544     0.108310    -0.410667    -0.103187    -0.022704 
