#Cn    HF           Ccsd         Ppl          Mp2          Rest         (T)         
   2  -415.619974    -0.318558     0.068931    -0.307135    -0.080354    -0.013218 
   3  -415.654145    -0.382156     0.089174    -0.373461    -0.097869    -0.019931 
   4  -415.661878    -0.403084     0.098310    -0.398397    -0.102996    -0.021613 
   5  -415.663705    -0.410577     0.102485    -0.409172    -0.103890    -0.022239 
   6  -415.664053    -0.413611     0.104502    -0.414060    -0.104053    -0.022471 
[23]      -          -0.408935     0.097697    -0.401387    -0.105244    -0.022757 
[34]      -          -0.418355     0.104976    -0.416594    -0.106737    -0.022841 
[45]      -          -0.418439     0.106865    -0.420476    -0.104828    -0.022896 
[56]      -          -0.417779     0.107273    -0.420775    -0.104278    -0.022790 
