#Cn    HF           Ccsd         Ppl          Mp2          Rest         (T)         
   2  -397.498974    -0.113320     0.027706    -0.091907    -0.049118    -0.002253 
   3  -397.509982    -0.142152     0.039204    -0.118742    -0.062614    -0.005143 
   4  -397.512745    -0.150013     0.043972    -0.128567    -0.065418    -0.005940 
   5  -397.513217    -0.152783     0.046112    -0.133086    -0.065809    -0.006208 
   6  -397.513356    -0.154012     0.047212    -0.135345    -0.065879    -0.006319 
[23]      -          -0.154292     0.044046    -0.130041    -0.068296    -0.006360 
[34]      -          -0.155750     0.047451    -0.135737    -0.067464    -0.006522 
[45]      -          -0.155689     0.048358    -0.137826    -0.066220    -0.006488 
[56]      -          -0.155701     0.048723    -0.138450    -0.065974    -0.006471 
