#Cn    HF           Ccsd         Ppl          Mp2          Rest         (T)         
   2  -795.074177    -0.280831     0.069771    -0.255481    -0.095122    -0.013049 
   3  -795.101020    -0.346399     0.094101    -0.319021    -0.121479    -0.020777 
   4  -795.107252    -0.367083     0.105159    -0.343785    -0.128456    -0.023018 
   5  -795.108366    -0.374540     0.110233    -0.355058    -0.129715    -0.023852 
   6  -795.108720    -0.377700     0.112768    -0.360498    -0.129970    -0.024187 
[23]      -          -0.374007     0.104345    -0.345774    -0.132577    -0.024030 
[34]      -          -0.382176     0.113228    -0.361857    -0.133547    -0.024653 
[45]      -          -0.382364     0.115556    -0.366884    -0.131036    -0.024728 
[56]      -          -0.382040     0.116251    -0.367970    -0.130320    -0.024647 
