#Cn    HF           Ccsd         Ppl          Mp2          Rest         (T)         
   2  -795.106762    -0.301250     0.074136    -0.276076    -0.099310    -0.013215 
   3  -795.131321    -0.373134     0.100897    -0.346100    -0.127931    -0.021774 
   4  -795.137141    -0.396346     0.113410    -0.373477    -0.136279    -0.024197 
   5  -795.138168    -0.404407     0.119092    -0.385873    -0.137627    -0.025098 
   6  -795.138472    -0.407812     0.121947    -0.391883    -0.137876    -0.025458 
[23]      -          -0.403400     0.112165    -0.375584    -0.139982    -0.025378 
[34]      -          -0.413284     0.122542    -0.393455    -0.142371    -0.025965 
[45]      -          -0.412866     0.125054    -0.398879    -0.139040    -0.026044 
[56]      -          -0.412489     0.125868    -0.400139    -0.138219    -0.025953 
