#Cn    HF           Ccsd         Ppl          Mp2          Rest         (T)         
   2  -397.532754    -0.142896     0.035004    -0.124202    -0.053698    -0.004246 
   3  -397.542652    -0.178000     0.048745    -0.157227    -0.069518    -0.008222 
   4  -397.545253    -0.189017     0.055141    -0.170238    -0.073920    -0.009272 
   5  -397.545662    -0.192599     0.057952    -0.176072    -0.074479    -0.009647 
   6  -397.545776    -0.194172     0.059412    -0.179008    -0.074575    -0.009803 
[23]      -          -0.192781     0.054531    -0.171132    -0.076180    -0.009895 
[34]      -          -0.197056     0.059809    -0.179732    -0.077133    -0.010038 
[45]      -          -0.196356     0.060902    -0.182193    -0.075065    -0.010041 
[56]      -          -0.196332     0.061417    -0.183042    -0.074708    -0.010016 
