#Cn    HF           Ccsd         Ppl          Mp2          Rest         (T)         
   2  -397.159772    -0.092148     0.024157    -0.071855    -0.044450    -0.001363 
   3  -397.170298    -0.110220     0.032649    -0.090732    -0.052137    -0.003654 
   4  -397.173215    -0.114265     0.035647    -0.096865    -0.053047    -0.004263 
   5  -397.173751    -0.115868     0.036981    -0.099687    -0.053162    -0.004454 
   6  -397.173906    -0.116602     0.037664    -0.101095    -0.053171    -0.004535 
[23]      -          -0.117829     0.036224    -0.098680    -0.055373    -0.004619 
[34]      -          -0.117216     0.037836    -0.101341    -0.053711    -0.004708 
[45]      -          -0.117550     0.038380    -0.102648    -0.053283    -0.004655 
[56]      -          -0.117610     0.038602    -0.103029    -0.053183    -0.004645 
