#Cn    HF           Ccsd         Ppl          Mp2          Rest         (T)         
   2  -398.094470    -0.145278     0.036082    -0.121837    -0.059523    -0.003660 
   3  -398.107097    -0.179411     0.049383    -0.154477    -0.074317    -0.006775 
   4  -398.110182    -0.189108     0.054974    -0.166322    -0.077760    -0.007625 
   5  -398.110752    -0.192410     0.057432    -0.171602    -0.078240    -0.007924 
   6  -398.110919    -0.193800     0.058647    -0.174130    -0.078317    -0.008041 
[23]      -          -0.193782     0.054984    -0.168220    -0.080546    -0.008087 
[34]      -          -0.196184     0.059053    -0.174965    -0.080272    -0.008245 
[45]      -          -0.195875     0.060011    -0.177142    -0.078744    -0.008237 
[56]      -          -0.195708     0.060316    -0.177603    -0.078421    -0.008201 
