#Cn    HF           Ccsd         Ppl          Mp2          Rest         (T)         
   2  -398.702242    -0.180286     0.045756    -0.156507    -0.069535    -0.005216 
   3  -398.715993    -0.218927     0.060896    -0.195021    -0.084802    -0.008671 
   4  -398.719393    -0.229978     0.067162    -0.208559    -0.088581    -0.009600 
   5  -398.720057    -0.233696     0.069882    -0.214477    -0.089102    -0.009934 
   6  -398.720254    -0.235218     0.071198    -0.217244    -0.089172    -0.010060 
[23]      -          -0.235197     0.067270    -0.211238    -0.091230    -0.010126 
[34]      -          -0.238041     0.071735    -0.218438    -0.091338    -0.010278 
[45]      -          -0.237598     0.072735    -0.220685    -0.089648    -0.010283 
[56]      -          -0.237308     0.073005    -0.221044    -0.089269    -0.010232 
