#Cn    HF           Ccsd         Ppl          Mp2          Rest         (T)         
   2  -398.362973    -0.147593     0.037701    -0.120758    -0.064536    -0.003579 
   3  -398.377548    -0.178827     0.050001    -0.151616    -0.077212    -0.005999 
   4  -398.381028    -0.187621     0.054993    -0.162502    -0.080112    -0.006671 
   5  -398.381737    -0.190624     0.057135    -0.167237    -0.080522    -0.006910 
   6  -398.381948    -0.191864     0.058175    -0.169459    -0.080580    -0.007001 
[23]      -          -0.191978     0.055179    -0.164609    -0.082549    -0.007018 
[34]      -          -0.194038     0.058635    -0.170445    -0.082228    -0.007161 
[45]      -          -0.193775     0.059383    -0.172206    -0.080953    -0.007162 
[56]      -          -0.193566     0.059604    -0.172512    -0.080659    -0.007126 
