#Cn    HF           Ccsd         Ppl          Mp2          Rest         (T)         
   2  -398.135606    -0.179193     0.045251    -0.161446    -0.062999    -0.006161 
   3  -398.146284    -0.218556     0.060788    -0.200298    -0.079046    -0.010517 
   4  -398.149232    -0.230714     0.067773    -0.214874    -0.083614    -0.011624 
   5  -398.149743    -0.234652     0.070807    -0.221265    -0.084194    -0.012030 
   6  -398.149884    -0.236303     0.072318    -0.224342    -0.084279    -0.012190 
[23]      -          -0.235129     0.067330    -0.216657    -0.085803    -0.012351 
[34]      -          -0.239587     0.072870    -0.225511    -0.086946    -0.012431 
[45]      -          -0.238784     0.073989    -0.227969    -0.084804    -0.012457 
[56]      -          -0.238569     0.074394    -0.228569    -0.084395    -0.012410 
