#Cn    HF           Ccsd         Ppl          Mp2          Rest         (T)         
   2  -397.756984    -0.116533     0.029491    -0.091805    -0.054219    -0.002446 
   3  -397.769717    -0.141825     0.039790    -0.116514    -0.065101    -0.004610 
   4  -397.772935    -0.148486     0.043818    -0.125112    -0.067191    -0.005213 
   5  -397.773559    -0.150854     0.045571    -0.128932    -0.067493    -0.005419 
   6  -397.773740    -0.151863     0.046436    -0.130759    -0.067540    -0.005500 
[23]      -          -0.152474     0.044127    -0.126918    -0.069683    -0.005521 
[34]      -          -0.153346     0.046757    -0.131387    -0.068717    -0.005653 
[45]      -          -0.153340     0.047410    -0.132940    -0.067810    -0.005635 
[56]      -          -0.153249     0.047625    -0.133269    -0.067605    -0.005612 
