#Cn    HF           Ccsd         Ppl          Mp2          Rest         (T)         
   2  -288.851096    -0.067253     0.022250    -0.047136    -0.042368    -0.001366 
   3  -288.856691    -0.074873     0.027585    -0.056696    -0.045761    -0.002585 
   4  -288.858464    -0.076646     0.029788    -0.060177    -0.046257    -0.002878 
   5  -288.858830    -0.077386     0.030725    -0.061865    -0.046245    -0.002971 
   6  -288.858913    -0.077660     0.031181    -0.062597    -0.046244    -0.003008 
[23]      -          -0.078081     0.029831    -0.060722    -0.047190    -0.003098 
[34]      -          -0.077940     0.031396    -0.062718    -0.046618    -0.003092 
[45]      -          -0.078162     0.031708    -0.063636    -0.046233    -0.003069 
[56]      -          -0.078037     0.031806    -0.063601    -0.046242    -0.003059 
