#Cn    HF           Ccsd         Ppl          Mp2          Rest         (T)         
   2  -288.882762    -0.081696     0.024789    -0.063702    -0.042783    -0.002529 
   3  -288.888049    -0.092313     0.031752    -0.076404    -0.047661    -0.004784 
   4  -288.889654    -0.094625     0.034452    -0.080773    -0.048304    -0.005334 
   5  -288.889981    -0.095526     0.035593    -0.082811    -0.048309    -0.005495 
   6  -288.890040    -0.095868     0.036147    -0.083709    -0.048305    -0.005560 
[23]      -          -0.096783     0.034683    -0.081752    -0.049714    -0.005734 
[34]      -          -0.096312     0.036423    -0.083961    -0.048773    -0.005736 
[45]      -          -0.096472     0.036791    -0.084949    -0.048314    -0.005664 
[56]      -          -0.096337     0.036907    -0.084943    -0.048301    -0.005649 
