#Cn    HF           Ccsd         Ppl          Mp2          Rest         (T)         
   2  -288.569999    -0.054487     0.020651    -0.035533    -0.039605    -0.000721 
   3  -288.575956    -0.058738     0.024174    -0.041545    -0.041367    -0.001103 
   4  -288.577817    -0.059959     0.025832    -0.044016    -0.041775    -0.001197 
   5  -288.578183    -0.060470     0.026517    -0.045235    -0.041752    -0.001234 
   6  -288.578275    -0.060657     0.026856    -0.045761    -0.041752    -0.001247 
[23]      -          -0.060527     0.025657    -0.044076    -0.042109    -0.001263 
[34]      -          -0.060850     0.027041    -0.045819    -0.042072    -0.001266 
[45]      -          -0.061005     0.027236    -0.046513    -0.041728    -0.001272 
[56]      -          -0.060913     0.027322    -0.046483    -0.041752    -0.001265 
