#Cn    HF           Ccsd         Ppl          Mp2          Rest         (T)         
   2  -289.432256    -0.093618     0.029886    -0.068035    -0.055469    -0.002105 
   3  -289.440101    -0.105819     0.037093    -0.081888    -0.061024    -0.003183 
   4  -289.442326    -0.108928     0.040047    -0.086888    -0.062087    -0.003465 
   5  -289.442777    -0.109992     0.041255    -0.089105    -0.062143    -0.003558 
   6  -289.442900    -0.110387     0.041827    -0.090077    -0.062137    -0.003591 
[23]      -          -0.110956     0.040127    -0.087721    -0.063362    -0.003637 
[34]      -          -0.111196     0.042203    -0.090536    -0.062863    -0.003670 
[45]      -          -0.111109     0.042523    -0.091431    -0.062201    -0.003655 
[56]      -          -0.110929     0.042612    -0.091412    -0.062129    -0.003637 
