#Cn    HF           Ccsd         Ppl          Mp2          Rest         (T)         
   2  -290.022705    -0.122349     0.039111    -0.092941    -0.068519    -0.002754 
   3  -290.032143    -0.138316     0.048231    -0.111290    -0.075257    -0.003906 
   4  -290.034795    -0.142593     0.051910    -0.117807    -0.076695    -0.004223 
   5  -290.035331    -0.143927     0.053363    -0.120522    -0.076767    -0.004327 
   6  -290.035492    -0.144426     0.054043    -0.121725    -0.076744    -0.004362 
[23]      -          -0.145039     0.052071    -0.119016    -0.078094    -0.004391 
[34]      -          -0.145713     0.054595    -0.122563    -0.077745    -0.004454 
[45]      -          -0.145327     0.054888    -0.123371    -0.076843    -0.004436 
[56]      -          -0.145113     0.054977    -0.123378    -0.076712    -0.004411 
