#Cn    HF           Ccsd         Ppl          Mp2          Rest         (T)         
   2  -290.015713    -0.098877     0.027159    -0.075847    -0.050189    -0.002271 
   3  -290.025517    -0.113260     0.034383    -0.091336    -0.056308    -0.003319 
   4  -290.028460    -0.117140     0.037294    -0.096679    -0.057755    -0.003623 
   5  -290.028997    -0.118357     0.038435    -0.098880    -0.057912    -0.003722 
   6  -290.029149    -0.118799     0.038955    -0.099829    -0.057925    -0.003756 
[23]      -          -0.119317     0.037425    -0.097857    -0.058884    -0.003759 
[34]      -          -0.119971     0.039419    -0.100578    -0.058812    -0.003844 
[45]      -          -0.119635     0.039632    -0.101190    -0.058077    -0.003827 
[56]      -          -0.119407     0.039668    -0.101132    -0.057943    -0.003802 
