#Cn    HF           Ccsd         Ppl          Mp2          Rest         (T)         
   2  -291.250281    -0.153342     0.042229    -0.121467    -0.074105    -0.002878 
   3  -291.263844    -0.174909     0.053334    -0.145576    -0.082667    -0.004000 
   4  -291.267696    -0.181017     0.057810    -0.153990    -0.084837    -0.004323 
   5  -291.268379    -0.182779     0.059500    -0.157255    -0.085024    -0.004430 
   6  -291.268601    -0.183451     0.060280    -0.158716    -0.085014    -0.004463 
[23]      -          -0.183990     0.058010    -0.155727    -0.086272    -0.004472 
[34]      -          -0.185474     0.061076    -0.160130    -0.086420    -0.004559 
[45]      -          -0.184628     0.061273    -0.160681    -0.085220    -0.004542 
[56]      -          -0.184373     0.061351    -0.160723    -0.085001    -0.004510 
