#Cn    HF           Ccsd         Ppl          Mp2          Rest         (T)         
   2  -289.460282    -0.106162     0.030763    -0.082314    -0.054611    -0.003420 
   3  -289.467789    -0.121143     0.039245    -0.098745    -0.061642    -0.005260 
   4  -289.469942    -0.124784     0.042631    -0.104499    -0.062916    -0.005754 
   5  -289.470358    -0.126015     0.044025    -0.107012    -0.063028    -0.005906 
   6  -289.470457    -0.126476     0.044685    -0.108123    -0.063038    -0.005963 
[23]      -          -0.127450     0.042816    -0.105663    -0.064603    -0.006034 
[34]      -          -0.127441     0.045102    -0.108697    -0.063846    -0.006114 
[45]      -          -0.127307     0.045487    -0.109648    -0.063146    -0.006065 
[56]      -          -0.127109     0.045592    -0.109649    -0.063052    -0.006041 
