#Cn    HF           Ccsd         Ppl          Mp2          Rest         (T)         
   2  -363.811321    -0.294964     0.071729    -0.290608    -0.076085    -0.013642 
   3  -363.843390    -0.345631     0.087633    -0.345952    -0.087312    -0.018996 
   4  -363.850761    -0.363429     0.095270    -0.367402    -0.091296    -0.020258 
   5  -363.852630    -0.369852     0.098791    -0.376683    -0.091961    -0.020741 
   6  -363.853006    -0.372414     0.100465    -0.380828    -0.092051    -0.020907 
[23]      -          -0.366964     0.094330    -0.369255    -0.092039    -0.021250 
[34]      -          -0.376417     0.100842    -0.383055    -0.094204    -0.021179 
[45]      -          -0.376592     0.102486    -0.386419    -0.092658    -0.021248 
[56]      -          -0.375933     0.102764    -0.386522    -0.092175    -0.021135 
