#Cn    HF           Ccsd         Ppl          Mp2          Rest         (T)         
   2  -472.371336    -0.328646     0.072426    -0.315450    -0.085622    -0.013250 
   3  -472.407714    -0.398420     0.093629    -0.386321    -0.105728    -0.020294 
   4  -472.416078    -0.421264     0.103214    -0.413004    -0.111473    -0.022140 
   5  -472.418049    -0.429524     0.107633    -0.424581    -0.112576    -0.022836 
   6  -472.418442    -0.432933     0.109794    -0.429929    -0.112799    -0.023101 
[23]      -          -0.427798     0.102556    -0.416161    -0.114193    -0.023259 
[34]      -          -0.437934     0.110208    -0.432476    -0.115666    -0.023487 
[45]      -          -0.438190     0.112271    -0.436726    -0.113734    -0.023567 
[56]      -          -0.437616     0.112762    -0.437274    -0.113104    -0.023464 
