#Cn    HF           Ccsd         Ppl          Mp2          Rest         (T)         
   2  -547.233604    -0.554949     0.120265    -0.559877    -0.115337    -0.025968 
   3  -547.302288    -0.667046     0.152124    -0.677516    -0.141654    -0.036786 
   4  -547.316927    -0.706235     0.166994    -0.722700    -0.150528    -0.039497 
   5  -547.320763    -0.720448     0.173893    -0.742042    -0.152299    -0.040546 
   6  -547.321615    -0.726249     0.177230    -0.750849    -0.152630    -0.040928 
[23]      -          -0.714244     0.165538    -0.727048    -0.152735    -0.041341 
[34]      -          -0.734832     0.177844    -0.755673    -0.157003    -0.041475 
[45]      -          -0.735361     0.181131    -0.762334    -0.154158    -0.041647 
[56]      -          -0.734216     0.181815    -0.762947    -0.153084    -0.041452 
