#Cn    HF           Ccsd         Ppl          Mp2          Rest         (T)         
   2  -622.069589    -0.744399     0.152455    -0.754125    -0.142729    -0.032583 
   3  -622.166862    -0.898540     0.194050    -0.916366    -0.176224    -0.046726 
   4  -622.187562    -0.953516     0.213783    -0.978821    -0.188478    -0.050260 
   5  -622.193063    -0.973342     0.222904    -1.005257    -0.190989    -0.051630 
   6  -622.194272    -0.981437     0.227312    -1.017268    -0.191481    -0.052128 
[23]      -          -0.963442     0.211564    -0.984678    -0.190328    -0.052681 
[34]      -          -0.993634     0.228182    -1.024396    -0.197420    -0.052839 
[45]      -          -0.994143     0.232475    -1.032994    -0.193624    -0.053066 
[56]      -          -0.992557     0.233365    -1.033766    -0.192156    -0.052813 
