# Al      
#HF@QZ: -241.88053676
#HF@6Z: -241.88080700
#          Ccsd         Ppl          Mp2          Rest         cPpl         (T)         
[56]   -0.05281100   0.02569100  -0.04032200  -0.03818100   0.00000000  -0.00135500
12     -0.05143507   0.02295635  -0.03642273  -0.03796869   0.02480902  -0.00117640
16     -0.05171620   0.02357340  -0.03730500  -0.03798459   0.02496134  -0.00122503
20     -0.05187041   0.02388899  -0.03774912  -0.03801028   0.02503804   0.00000000
24     -0.05198579   0.02406889  -0.03794689  -0.03810779   0.02510035   0.00000000
28     -0.05202845   0.02415521  -0.03807071  -0.03811295   0.02511615   0.00000000
32     -0.05204214   0.02418449  -0.03811137  -0.03811526   0.02512281   0.00000000
nwqz   -0.05207628   0.02422468  -0.03813355  -0.03816742   0.02515081  -0.00128517
