# B[1]    
#HF@QZ: -24.23747348
#HF@6Z: -24.23756900
#          Ccsd         Ppl          Mp2          Rest         cPpl         (T)         
[56]   -0.06132300   0.03560500  -0.03941100  -0.05751700   0.00000000   0.00000000
12     -0.05932559   0.03189628  -0.03583171  -0.05539016   0.03414004   0.00000000
16     -0.05942101   0.03231342  -0.03643031  -0.05530412   0.03423349   0.00000000
20     -0.05964687   0.03273768  -0.03695682  -0.05542773   0.03437966   0.00000000
24     -0.05968821   0.03298215  -0.03726954  -0.05540082   0.03444597   0.00000000
28     -0.05971698   0.03312749  -0.03746834  -0.05537612   0.03447593   0.00000000
32     -0.05974147   0.03324009  -0.03762917  -0.05535239   0.03449395   0.00000000
nwqz   -0.06095742   0.03467613  -0.03808690  -0.05754665   0.03568293   0.00000000
