# C       
#HF@QZ: -37.69337424
#HF@6Z: -37.69373200
#          Ccsd         Ppl          Mp2          Rest         cPpl         (T)         
[56]   -0.09320000   0.03072000  -0.07643600  -0.04748400   0.00000000  -0.00255100
12     -0.08984548   0.02762693  -0.07068157  -0.04679084   0.02957625  -0.00220594
16     -0.09065128   0.02840864  -0.07189888  -0.04716104   0.02995431  -0.00233051
20     -0.09101831   0.02871325  -0.07236507  -0.04736649   0.03010934   0.00000000
24     -0.09110541   0.02881388  -0.07251228  -0.04740701   0.03015730   0.00000000
28     -0.09111950   0.02882146  -0.07252029  -0.04742067   0.03016242   0.00000000
32     -0.09111950   0.02882146  -0.07252029  -0.04742067   0.03016242   0.00000000
nwqz   -0.09111950   0.02882146  -0.07252029  -0.04742067   0.03016242  -0.00240295
