# C2H2    
#HF@QZ: -76.85347465
#HF@6Z: -76.85456500
#          Ccsd         Ppl          Mp2          Rest         cPpl         (T)         
[56]   -0.34749800   0.10556700  -0.34581400  -0.10725100   0.00000000  -0.01873600
12     -0.32846696   0.09229292  -0.31567799  -0.10508189   0.10282986  -0.01676966
16     -0.33388901   0.09547926  -0.32327696  -0.10609131   0.10377436  -0.01746161
20     -0.33652990   0.09731462  -0.32735991  -0.10648461   0.10426156   0.00000000
24     -0.33790042   0.09833664  -0.32960033  -0.10663673   0.10451462   0.00000000
28     -0.33857413   0.09887792  -0.33076461  -0.10668744   0.10464845   0.00000000
32     -0.33902466   0.09928409  -0.33159890  -0.10670985   0.10475494   0.00000000
nwqz   -0.33936192   0.09960786  -0.33224507  -0.10672471   0.10485461  -0.01810343
