# C2H4    
#HF@QZ: -78.06938773
#HF@6Z: -78.07063600
#          Ccsd         Ppl          Mp2          Rest         cPpl         (T)         
[56]   -0.38615800   0.11047300  -0.37244500  -0.12418600   0.00000000  -0.01707200
12     -0.36382548   0.09502821  -0.33727049  -0.12158320   0.10733653  -0.01504301
16     -0.36994741   0.09857345  -0.34576810  -0.12275276   0.10837872  -0.01574470
20     -0.37340381   0.10081682  -0.35092421  -0.12329642   0.10899521   0.00000000
24     -0.37518953   0.10207560  -0.35374968  -0.12351545   0.10930234   0.00000000
28     -0.37622904   0.10288417  -0.35551220  -0.12360101   0.10949904   0.00000000
32     -0.37689899   0.10346314  -0.35672681  -0.12363532   0.10964452   0.00000000
nwqz   -0.37770675   0.10424572  -0.35829118  -0.12366129   0.10986212  -0.01648480
