# C[-1]   
#HF@QZ: -37.70995040
#HF@6Z: -37.71030200
#          Ccsd         Ppl          Mp2          Rest         cPpl         (T)         
[56]   -0.11961900   0.03590200  -0.10786100  -0.04766000   0.00000000  -0.00547700
12     -0.11599920   0.03270073  -0.10165943  -0.04704049   0.03467894  -0.00495528
16     -0.11686449   0.03330897  -0.10263962  -0.04753384   0.03500647  -0.00514334
20     -0.11716886   0.03359666  -0.10319579  -0.04756973   0.03511154   0.00000000
24     -0.11716886   0.03359666  -0.10319579  -0.04756973   0.03511154   0.00000000
28     -0.11716886   0.03359666  -0.10319579  -0.04756973   0.03511154   0.00000000
32     -0.11716886   0.03359666  -0.10319579  -0.04756973   0.03511154   0.00000000
nwqz   -0.11716886   0.03359666  -0.10319579  -0.04756973   0.03511154  -0.00519168
