# C[1]    
#HF@QZ: -37.29650842
#HF@6Z: -37.29683400
#          Ccsd         Ppl          Mp2          Rest         cPpl         (T)         
[56]   -0.07869500   0.03234800  -0.05762200  -0.05342200   0.00000000  -0.00135000
12     -0.07549240   0.02905035  -0.05275271  -0.05179004   0.03097037  -0.00108567
16     -0.07592988   0.02955004  -0.05366797  -0.05181194   0.03113565  -0.00112333
20     -0.07656369   0.03017279  -0.05420487  -0.05253160   0.03156745   0.00000000
24     -0.07716158   0.03078937  -0.05456696  -0.05338399   0.03205506   0.00000000
28     -0.07720883   0.03085747  -0.05467473  -0.05339157   0.03207924   0.00000000
32     -0.07723612   0.03089718  -0.05471992  -0.05341338   0.03209993   0.00000000
nwqz   -0.07724561   0.03090442  -0.05472963  -0.05342040   0.03210353  -0.00127352
