# CH      
#HF@QZ: -38.28407817
#HF@6Z: -38.28453300
#          Ccsd         Ppl          Mp2          Rest         cPpl         (T)         
[56]   -0.13465100   0.04379000  -0.11458200  -0.06385800   0.00000000  -0.00394000
12     -0.12829587   0.03832675  -0.10421080  -0.06241182   0.04190679  -0.00328272
16     -0.12991298   0.03959497  -0.10652127  -0.06298668   0.04246637  -0.00348373
20     -0.13076745   0.04033815  -0.10780841  -0.06329719   0.04278548   0.00000000
24     -0.13128256   0.04080174  -0.10856399  -0.06352031   0.04299260   0.00000000
28     -0.13156019   0.04108307  -0.10897518  -0.06366808   0.04312832   0.00000000
32     -0.13169929   0.04122453  -0.10920818  -0.06371564   0.04318964   0.00000000
nwqz   -0.13177970   0.04130842  -0.10933426  -0.06375385   0.04322936  -0.00376229
