# CH2     
#HF@QZ: -38.94039188
#HF@6Z: -38.94100300
#          Ccsd         Ppl          Mp2          Rest         cPpl         (T)         
[56]   -0.14691500   0.04036900  -0.13184700  -0.05543700   0.00000000  -0.00410200
12     -0.14061270   0.03560303  -0.12167205  -0.05454368   0.03895466  -0.00361688
16     -0.14217717   0.03665052  -0.12394286  -0.05488482   0.03936727  -0.00377098
20     -0.14294088   0.03724161  -0.12516445  -0.05501804   0.03957645   0.00000000
24     -0.14334765   0.03758262  -0.12583303  -0.05509723   0.03970228   0.00000000
28     -0.14358047   0.03779103  -0.12621090  -0.05516061   0.03978345   0.00000000
32     -0.14368494   0.03789303  -0.12640274  -0.05517523   0.03982121   0.00000000
nwqz   -0.14373830   0.03794817  -0.12649891  -0.05518756   0.03984408  -0.00391420
