# CH2_Sym1A1
#HF@QZ: -38.89550287
#HF@6Z: -38.89608200
#          Ccsd         Ppl          Mp2          Rest         cPpl         (T)         
[56]   -0.17560100   0.05631800  -0.15569200  -0.07622800   0.00000000  -0.00566200
12     -0.16545555   0.04803012  -0.13949692  -0.07398874   0.05396324  -0.00444171
16     -0.16816418   0.04990300  -0.14334135  -0.07472583   0.05463093  -0.00481691
20     -0.16968015   0.05113606  -0.14558544  -0.07523077   0.05511321   0.00000000
24     -0.17055114   0.05186159  -0.14688212  -0.07553061   0.05538236   0.00000000
28     -0.17115737   0.05241807  -0.14774011  -0.07583533   0.05563194   0.00000000
32     -0.17147532   0.05271883  -0.14833164  -0.07586252   0.05571642   0.00000000
nwqz   -0.17203985   0.05332465  -0.14924375  -0.07612076   0.05598459  -0.00544159
