# CH3[-1] 
#HF@QZ: -39.52583527
#HF@6Z: -39.52672600
#          Ccsd         Ppl          Mp2          Rest         cPpl         (T)         
[56]   -0.24215200   0.07219200  -0.23573800  -0.07860600   0.00000000  -0.01089600
12     -0.22848082   0.06155213  -0.21276355  -0.07726940   0.06986101  -0.00940540
16     -0.23225273   0.06396679  -0.21822276  -0.07799675   0.07062871  -0.00986643
20     -0.23439802   0.06550382  -0.22158913  -0.07831271   0.07104403   0.00000000
24     -0.23561041   0.06644482  -0.22360879  -0.07844644   0.07128258   0.00000000
28     -0.23634056   0.06706049  -0.22489787  -0.07850318   0.07143146   0.00000000
32     -0.23681396   0.06748885  -0.22577521  -0.07852759   0.07153433   0.00000000
nwqz   -0.23761580   0.06830999  -0.22739401  -0.07853178   0.07174148  -0.01044707
