# CH3Cl   
#HF@QZ: -499.15550241
#HF@6Z: -499.15689500
#          Ccsd         Ppl          Mp2          Rest         cPpl         (T)         
[56]   -0.44942600   0.12487000  -0.43169800  -0.14259800   0.00000000  -0.01947500
12     -0.42291820   0.10708910  -0.39087585  -0.13913145   0.11927030  -0.01689987
16     -0.42892743   0.11060929  -0.39933364  -0.14020308   0.12041435  -0.01761577
20     -0.43165338   0.11243667  -0.40345328  -0.14063677   0.12099648   0.00000000
24     -0.43297124   0.11343008  -0.40556386  -0.14083746   0.12131893   0.00000000
28     -0.43370182   0.11404142  -0.40683404  -0.14090920   0.12151658   0.00000000
32     -0.43413261   0.11440578  -0.40740629  -0.14113210   0.12169893   0.00000000
nwqz   -0.43427857   0.11455234  -0.40768705  -0.14114387   0.12175371  -0.01826739
