# CH3OH   
#HF@QZ: -115.09953163
#HF@6Z: -115.10161000
#          Ccsd         Ppl          Mp2          Rest         cPpl         (T)         
[56]   -0.49078900   0.12025700  -0.48494900  -0.12609700   0.00000000  -0.01791000
12     -0.46129208   0.10345418  -0.44189921  -0.12284705   0.11574939  -0.01565949
16     -0.46895939   0.10735860  -0.45212282  -0.12419517   0.11710753  -0.01639524
20     -0.47270860   0.10942495  -0.45739460  -0.12473896   0.11775936   0.00000000
24     -0.47460676   0.11061656  -0.46026632  -0.12495700   0.11813201   0.00000000
28     -0.47563481   0.11138867  -0.46197957  -0.12504391   0.11839556   0.00000000
32     -0.47614988   0.11180279  -0.46287325  -0.12507942   0.11854437   0.00000000
nwqz   -0.47653040   0.11214758  -0.46356269  -0.12511528   0.11868420  -0.01710820
