# CH3SH   
#HF@QZ: -437.76553104
#HF@6Z: -437.76701200
#          Ccsd         Ppl          Mp2          Rest         cPpl         (T)         
[56]   -0.43397800   0.12554200  -0.41341900  -0.14610100   0.00000000  -0.01903100
12     -0.40890651   0.10732847  -0.37336295  -0.14287203   0.12049540  -0.01649851
16     -0.41532336   0.11130855  -0.38251811  -0.14411380   0.12176930  -0.01729341
20     -0.41842245   0.11344757  -0.38725632  -0.14461371   0.12240063   0.00000000
24     -0.42010102   0.11470123  -0.38997639  -0.14482587   0.12275196   0.00000000
28     -0.42105525   0.11549870  -0.39163320  -0.14492075   0.12298692   0.00000000
32     -0.42161078   0.11600821  -0.39264355  -0.14497543   0.12314634   0.00000000
nwqz   -0.42217593   0.11654494  -0.39356974  -0.14515113   0.12336169  -0.01808367
