# CH4     
#HF@QZ: -40.21628858
#HF@6Z: -40.21708200
#          Ccsd         Ppl          Mp2          Rest         cPpl         (T)         
[56]   -0.23300200   0.06528900  -0.21896200  -0.07933000   0.00000000  -0.00725300
12     -0.21948227   0.05544586  -0.19711300  -0.07781514   0.06318437  -0.00619908
16     -0.22320129   0.05771670  -0.20241663  -0.07850137   0.06388463  -0.00656854
20     -0.22531971   0.05915474  -0.20563241  -0.07884203   0.06430822   0.00000000
24     -0.22642233   0.05994980  -0.20740428  -0.07896785   0.06450309   0.00000000
28     -0.22711188   0.06049608  -0.20858544  -0.07902251   0.06463845   0.00000000
32     -0.22765202   0.06096106  -0.20955904  -0.07905404   0.06476410   0.00000000
nwqz   -0.22843520   0.06174648  -0.21111042  -0.07907127   0.06498053  -0.00699418
