# CH[-1]  
#HF@QZ: -38.29964068
#HF@6Z: -38.30011100
#          Ccsd         Ppl          Mp2          Rest         cPpl         (T)         
[56]   -0.15949600   0.04756700  -0.14613600  -0.06092600   0.00000000  -0.00702600
12     -0.15311254   0.04214304  -0.13529257  -0.05996301   0.04584028  -0.00625933
16     -0.15480161   0.04344868  -0.13791334  -0.06033695   0.04632779  -0.00647973
20     -0.15558136   0.04407160  -0.13908642  -0.06056655   0.04656491   0.00000000
24     -0.15604531   0.04450088  -0.13988332  -0.06066287   0.04671512   0.00000000
28     -0.15626170   0.04469593  -0.14024215  -0.06071548   0.04678482   0.00000000
32     -0.15629261   0.04472243  -0.14028367  -0.06073137   0.04679577   0.00000000
nwqz   -0.15629261   0.04472243  -0.14028367  -0.06073137   0.04679577  -0.00672019
