# Cl      
#HF@QZ: -459.48926708
#HF@6Z: -459.48991600
#          Ccsd         Ppl          Mp2          Rest         cPpl         (T)         
[56]   -0.20903500   0.05929800  -0.19236700  -0.07596500   0.00000000  -0.00825700
12     -0.19773876   0.05154775  -0.17509100  -0.07419552   0.05540668  -0.00719398
16     -0.19881168   0.05233271  -0.17672487  -0.07441952   0.05577162  -0.00733670
20     -0.19918887   0.05264297  -0.17703396  -0.07479788   0.05600857   0.00000000
24     -0.19918892   0.05264300  -0.17703403  -0.07479789   0.05600859   0.00000000
28     -0.19918892   0.05264300  -0.17703403  -0.07479789   0.05600859   0.00000000
32     -0.19918892   0.05264300  -0.17703403  -0.07479789   0.05600859   0.00000000
nwqz   -0.19918892   0.05264300  -0.17703403  -0.07479789   0.05600859  -0.00745863
