# Cl2     
#HF@QZ: -919.00909639
#HF@6Z: -919.01074000
#          Ccsd         Ppl          Mp2          Rest         cPpl         (T)         
[56]   -0.47430000   0.13417500  -0.45663500  -0.15184100   0.00000000  -0.02416600
12     -0.44613842   0.11592944  -0.41442805  -0.14763980   0.12657238  -0.02105256
16     -0.45049579   0.11860046  -0.42066973  -0.14842652   0.12754861  -0.02174119
20     -0.45162883   0.11945877  -0.42228834  -0.14879926   0.12794287   0.00000000
24     -0.45207193   0.11976855  -0.42261618  -0.14922430   0.12816981   0.00000000
28     -0.45207193   0.11976855  -0.42261618  -0.14922430   0.12816981   0.00000000
32     -0.45207193   0.11976855  -0.42261618  -0.14922430   0.12816981   0.00000000
nwqz   -0.45207193   0.11976855  -0.42261618  -0.14922430   0.12816981  -0.02214372
