# Cl2[1]  
#HF@QZ: -918.61071200
#HF@6Z: -918.61253100
#          Ccsd         Ppl          Mp2          Rest         cPpl         (T)         
[56]   -0.44745800   0.12793500  -0.42925500  -0.14613800   0.00000000  -0.02483900
12     -0.42282993   0.11208223  -0.39243886  -0.14247330   0.12045380  -0.02211221
16     -0.42600830   0.11407778  -0.39702205  -0.14306404   0.12128300  -0.02261439
20     -0.42694045   0.11477211  -0.39812602  -0.14358654   0.12168886   0.00000000
24     -0.42718124   0.11493494  -0.39832824  -0.14378794   0.12180898   0.00000000
28     -0.42718124   0.11493494  -0.39832824  -0.14378794   0.12180898   0.00000000
32     -0.42718124   0.11493494  -0.39832824  -0.14378794   0.12180898   0.00000000
nwqz   -0.42718124   0.11493494  -0.39832824  -0.14378794   0.12180898  -0.02294737
