# Cl[1]   
#HF@QZ: -459.05687822
#HF@6Z: -459.05764300
#          Ccsd         Ppl          Mp2          Rest         cPpl         (T)         
[56]   -0.16704400   0.04863300  -0.14798200  -0.06769500   0.00000000  -0.00594300
12     -0.15905031   0.04309050  -0.13564824  -0.06649257   0.04576955  -0.00524025
16     -0.15952454   0.04345686  -0.13638203  -0.06659937   0.04594498  -0.00529972
20     -0.15979480   0.04368226  -0.13650308  -0.06697398   0.04614401   0.00000000
24     -0.15979482   0.04368227  -0.13650310  -0.06697399   0.04614402   0.00000000
28     -0.15979482   0.04368227  -0.13650310  -0.06697399   0.04614402   0.00000000
32     -0.15979482   0.04368227  -0.13650310  -0.06697399   0.04614402   0.00000000
nwqz   -0.15979482   0.04368227  -0.13650310  -0.06697399   0.04614402  -0.00537827
