# ClF     
#HF@QZ: -558.91682601
#HF@6Z: -558.91987200
#          Ccsd         Ppl          Mp2          Rest         cPpl         (T)         
[56]   -0.53306300   0.12555200  -0.52926000  -0.12935500   0.00000000  -0.02224000
12     -0.49988652   0.10911419  -0.48367691  -0.12532380   0.11904246  -0.01957047
16     -0.50644632   0.11198606  -0.49203916  -0.12639323   0.12011537  -0.02033798
20     -0.50856326   0.11303741  -0.49479233  -0.12680833   0.12057672   0.00000000
24     -0.50886196   0.11322019  -0.49505657  -0.12702558   0.12070256   0.00000000
28     -0.50886196   0.11322019  -0.49505657  -0.12702558   0.12070256   0.00000000
32     -0.50886196   0.11322019  -0.49505657  -0.12702558   0.12070256   0.00000000
nwqz   -0.50886196   0.11322019  -0.49505657  -0.12702558   0.12070256  -0.02068469
