# ClF[1]  
#HF@QZ: -558.48741362
#HF@6Z: -558.49076800
#          Ccsd         Ppl          Mp2          Rest         cPpl         (T)         
[56]   -0.49628600   0.11514100  -0.48815700  -0.12327100   0.00000000  -0.02148600
12     -0.46796668   0.10132032  -0.44963878  -0.11964821   0.10860115  -0.01925057
16     -0.47259681   0.10344460  -0.45538687  -0.12065454   0.10960386  -0.01983936
20     -0.47392238   0.10413905  -0.45701053  -0.12105090   0.10998215   0.00000000
24     -0.47405596   0.10423230  -0.45710071  -0.12118755   0.11005713   0.00000000
28     -0.47405596   0.10423230  -0.45710071  -0.12118755   0.11005713   0.00000000
32     -0.47405596   0.10423230  -0.45710071  -0.12118755   0.11005713   0.00000000
nwqz   -0.47405596   0.10423230  -0.45710071  -0.12118755   0.11005713  -0.02008664
