# ClO     
#HF@QZ: -534.31644620
#HF@6Z: -534.31874900
#          Ccsd         Ppl          Mp2          Rest         cPpl         (T)         
[56]   -0.47348600   0.11889100  -0.45604900  -0.13632800   0.00000000  -0.02244100
12     -0.44635957   0.10398801  -0.41789116  -0.13245642   0.11225383  -0.01991168
16     -0.45136431   0.10647798  -0.42429286  -0.13354942   0.11335454  -0.02056786
20     -0.45311712   0.10741875  -0.42641715  -0.13411872   0.11382457   0.00000000
24     -0.45334638   0.10755788  -0.42662105  -0.13428321   0.11392250   0.00000000
28     -0.45334638   0.10755788  -0.42662105  -0.13428321   0.11392250   0.00000000
32     -0.45334638   0.10755788  -0.42662105  -0.13428321   0.11392250   0.00000000
nwqz   -0.45334638   0.10755788  -0.42662105  -0.13428321   0.11392250  -0.02092163
