# CN      
#HF@QZ: -92.23907939
#HF@6Z: -92.24030100
#          Ccsd         Ppl          Mp2          Rest         cPpl         (T)         
[56]   -0.34016500   0.09743400  -0.30453000  -0.13306900   0.00000000  -0.02177600
12     -0.32247112   0.08685145  -0.28255162  -0.12677095   0.09296586  -0.01915899
16     -0.32736183   0.08947159  -0.28742252  -0.12941090   0.09430645  -0.02007899
20     -0.32971331   0.09085385  -0.28963954  -0.13092762   0.09505788   0.00000000
24     -0.33057807   0.09141365  -0.29053540  -0.13145632   0.09536383   0.00000000
28     -0.33091717   0.09162251  -0.29077595  -0.13176374   0.09550760   0.00000000
32     -0.33095343   0.09163877  -0.29078230  -0.13180990   0.09552205   0.00000000
nwqz   -0.33095343   0.09163877  -0.29078230  -0.13180990   0.09552205  -0.02087196
