# CN[-1]  
#HF@QZ: -92.34526540
#HF@6Z: -92.34642300
#          Ccsd         Ppl          Mp2          Rest         cPpl         (T)         
[56]   -0.37878100   0.10958700  -0.38951900  -0.09884900   0.00000000  -0.02250700
12     -0.35821459   0.09645937  -0.35824673  -0.09642723   0.10627522  -0.02030989
16     -0.36365738   0.09960972  -0.36579877  -0.09746834   0.10728702  -0.02107526
20     -0.36638031   0.10127795  -0.36979697  -0.09786129   0.10773192   0.00000000
24     -0.36768636   0.10219871  -0.37188738  -0.09799769   0.10797015   0.00000000
28     -0.36824943   0.10263219  -0.37282271  -0.09805891   0.10810760   0.00000000
32     -0.36828840   0.10265773  -0.37287135  -0.09807478   0.10811780   0.00000000
nwqz   -0.36828840   0.10265773  -0.37287135  -0.09807478   0.10811780  -0.02168251
