# CO      
#HF@QZ: -112.78738971
#HF@6Z: -112.78919000
#          Ccsd         Ppl          Mp2          Rest         cPpl         (T)         
[56]   -0.39710200   0.10322300  -0.40492700  -0.09539800   0.00000000  -0.01994200
12     -0.37431725   0.09110880  -0.37245962  -0.09296642   0.09979715  -0.01800716
16     -0.38020960   0.09394272  -0.38022533  -0.09392699   0.10073681  -0.01867288
20     -0.38248631   0.09525301  -0.38350720  -0.09423212   0.10114490   0.00000000
24     -0.38350024   0.09588244  -0.38504960  -0.09433308   0.10134327   0.00000000
28     -0.38378230   0.09607840  -0.38548921  -0.09437148   0.10142682   0.00000000
32     -0.38379364   0.09608562  -0.38550322  -0.09437604   0.10143015   0.00000000
nwqz   -0.38379364   0.09608562  -0.38550322  -0.09437604   0.10143015  -0.01907880
