# CO2     
#HF@QZ: -187.71944194
#HF@6Z: -187.72255200
#          Ccsd         Ppl          Mp2          Rest         cPpl         (T)         
[56]   -0.66116000   0.15603000  -0.68776900  -0.12942000   0.00000000  -0.03373400
12     -0.62239144   0.13700384  -0.63439125  -0.12500403   0.15054375  -0.03055410
16     -0.63249281   0.14153440  -0.64719134  -0.12683587   0.15211379  -0.03170939
20     -0.63602273   0.14332049  -0.65201641  -0.12732681   0.15268104   0.00000000
24     -0.63749657   0.14413168  -0.65412395  -0.12750429   0.15296314   0.00000000
28     -0.63764889   0.14422683  -0.65434663  -0.12752909   0.15300887   0.00000000
32     -0.63764910   0.14422688  -0.65434678  -0.12752921   0.15300889   0.00000000
nwqz   -0.63764910   0.14422688  -0.65434678  -0.12752921   0.15300889  -0.03230815
