# CO[1]   
#HF@QZ: -112.30875111
#HF@6Z: -112.31063400
#          Ccsd         Ppl          Mp2          Rest         cPpl         (T)         
[56]   -0.35997400   0.09429000  -0.35015800  -0.10410600   0.00000000  -0.01911400
12     -0.34193073   0.08501285  -0.32677770  -0.10016587   0.09041373  -0.01726704
16     -0.34573789   0.08691390  -0.33113531  -0.10151648   0.09134241  -0.01782166
20     -0.34738090   0.08782903  -0.33281962  -0.10239032   0.09185388   0.00000000
24     -0.34795450   0.08817389  -0.33340777  -0.10272061   0.09207012   0.00000000
28     -0.34806292   0.08824208  -0.33349580  -0.10280919   0.09211989   0.00000000
32     -0.34807180   0.08824600  -0.33349796  -0.10281984   0.09212335   0.00000000
nwqz   -0.34807180   0.08824600  -0.33349796  -0.10281984   0.09212335  -0.01826359
