# COCl2   
#HF@QZ: -1031.81825441
#HF@6Z: -1031.82146200
#          Ccsd         Ppl          Mp2          Rest         cPpl         (T)         
[56]   -0.88974700   0.23322000  -0.89227500  -0.23069200   0.00000000  -0.04795100
12     -0.83719349   0.20273714  -0.81611134  -0.22381929   0.22238786  -0.04270027
16     -0.84872788   0.20858560  -0.83144257  -0.22587091   0.22439387  -0.04421859
20     -0.85285929   0.21100610  -0.83737179  -0.22649360   0.22522506   0.00000000
24     -0.85433199   0.21198548  -0.83914533  -0.22717215   0.22573556   0.00000000
28     -0.85437750   0.21201332  -0.83920845  -0.22718236   0.22574736   0.00000000
32     -0.85437750   0.21201332  -0.83920845  -0.22718236   0.22574736   0.00000000
nwqz   -0.85437750   0.21201332  -0.83920845  -0.22718236   0.22574736  -0.04513599
