# CS      
#HF@QZ: -435.36090734
#HF@6Z: -435.36205900
#          Ccsd         Ppl          Mp2          Rest         cPpl         (T)         
[56]   -0.35039400   0.11480600  -0.34633900  -0.11886200   0.00000000  -0.02470900
12     -0.33206191   0.10125937  -0.31684274  -0.11647854   0.11069489  -0.02240890
16     -0.33633355   0.10411399  -0.32318014  -0.11726740   0.11158188  -0.02306132
20     -0.33814069   0.10549833  -0.32606697  -0.11757205   0.11198540   0.00000000
24     -0.33897624   0.10617974  -0.32747706  -0.11767893   0.11218709   0.00000000
28     -0.33929521   0.10645520  -0.32790287  -0.11784754   0.11232366   0.00000000
32     -0.33937842   0.10652413  -0.32797858  -0.11792397   0.11236742   0.00000000
nwqz   -0.33937842   0.10652413  -0.32797858  -0.11792397   0.11236742  -0.02363075
