# CS2     
#HF@QZ: -832.98036074
#HF@6Z: -832.98226800
#          Ccsd         Ppl          Mp2          Rest         cPpl         (T)         
[56]   -0.56074700   0.17231900  -0.56785700  -0.16520900   0.00000000  -0.04107400
12     -0.53019032   0.15052716  -0.51976062  -0.16095686   0.16525139  -0.03721321
16     -0.53751672   0.15503745  -0.53017355  -0.16238062   0.16662141  -0.03839108
20     -0.54030230   0.15707849  -0.53456910  -0.16281170   0.16723296   0.00000000
24     -0.54133363   0.15792339  -0.53621181  -0.16304520   0.16752403   0.00000000
28     -0.54180597   0.15828072  -0.53672194  -0.16336475   0.16771910   0.00000000
32     -0.54181069   0.15828498  -0.53672974  -0.16336593   0.16772068   0.00000000
nwqz   -0.54181069   0.15828498  -0.53672974  -0.16336593   0.16772068  -0.03921808
