# F       
#HF@QZ: -99.41409569
#HF@6Z: -99.41627900
#          Ccsd         Ppl          Mp2          Rest         cPpl         (T)         
[56]   -0.24674100   0.04492500  -0.24056300  -0.05110300   0.00000000  -0.00538100
12     -0.23158433   0.03888873  -0.22098875  -0.04948431   0.04221012  -0.00472416
16     -0.23338836   0.03964960  -0.22326146  -0.04977651   0.04258569  -0.00487227
20     -0.23389604   0.03988068  -0.22389142  -0.04988530   0.04271044   0.00000000
24     -0.23389604   0.03988068  -0.22389142  -0.04988530   0.04271044   0.00000000
28     -0.23389604   0.03988068  -0.22389142  -0.04988530   0.04271044   0.00000000
32     -0.23389604   0.03988068  -0.22389142  -0.04988530   0.04271044   0.00000000
nwqz   -0.23389604   0.03988068  -0.22389142  -0.04988530   0.04271044  -0.00492686
