# F2      
#HF@QZ: -198.77035941
#HF@6Z: -198.77475200
#          Ccsd         Ppl          Mp2          Rest         cPpl         (T)         
[56]   -0.60057200   0.12814300  -0.60967600  -0.11904000   0.00000000  -0.02268300
12     -0.56352130   0.11348977  -0.56160439  -0.11540667   0.12336201  -0.02030247
16     -0.57156608   0.11644120  -0.57146099  -0.11654630   0.12434952  -0.02108315
20     -0.57368799   0.11741272  -0.57422458  -0.11687613   0.12473684   0.00000000
24     -0.57395216   0.11750438  -0.57453540  -0.11692114   0.12477833   0.00000000
28     -0.57395216   0.11750438  -0.57453540  -0.11692114   0.12477833   0.00000000
32     -0.57395216   0.11750438  -0.57453540  -0.11692114   0.12477833   0.00000000
nwqz   -0.57395216   0.11750438  -0.57453540  -0.11692114   0.12477833  -0.02134932
