# F[-1]   
#HF@QZ: -99.45746210
#HF@6Z: -99.45943000
#          Ccsd         Ppl          Mp2          Rest         cPpl         (T)         
[56]   -0.32276800   0.06382600  -0.33637200  -0.05022300   0.00000000  -0.01203100
12     -0.30279474   0.05545744  -0.31015773  -0.04809445   0.06086616  -0.01066658
16     -0.30655919   0.05683832  -0.31453423  -0.04886328   0.06138386  -0.01112592
20     -0.30835740   0.05762225  -0.31694452  -0.04903513   0.06167819   0.00000000
24     -0.30835740   0.05762225  -0.31694452  -0.04903513   0.06167819   0.00000000
28     -0.30835740   0.05762225  -0.31694452  -0.04903513   0.06167819   0.00000000
32     -0.30835740   0.05762225  -0.31694452  -0.04903513   0.06167819   0.00000000
nwqz   -0.30835740   0.05762225  -0.31694452  -0.04903513   0.06167819  -0.01125351
