# F[1]    
#HF@QZ: -98.83884910
#HF@6Z: -98.84114500
#          Ccsd         Ppl          Mp2          Rest         cPpl         (T)         
[56]   -0.18418700   0.03257900  -0.17285200  -0.04391300   0.00000000  -0.00286300
12     -0.17299947   0.02833304  -0.15859269  -0.04273983   0.03067379  -0.00249013
16     -0.17393204   0.02873408  -0.15975900  -0.04290711   0.03089262  -0.00255465
20     -0.17403341   0.02878495  -0.15988602  -0.04293233   0.03092237   0.00000000
24     -0.17403341   0.02878495  -0.15988602  -0.04293233   0.03092237   0.00000000
28     -0.17403341   0.02878495  -0.15988602  -0.04293233   0.03092237   0.00000000
32     -0.17403341   0.02878495  -0.15988602  -0.04293233   0.03092237   0.00000000
nwqz   -0.17403341   0.02878495  -0.15988602  -0.04293233   0.03092237  -0.00256510
