# H2      
#HF@QZ:  -1.13349886
#HF@6Z:  -1.13365300
#          Ccsd         Ppl          Mp2          Rest         cPpl         (T)         
[56]   -0.04082300   0.01420500  -0.03423500  -0.02079300   0.00000000   0.00000000
12     -0.03901613   0.01223618  -0.03053043  -0.02072189   0.01377768   0.00000000
16     -0.03950400   0.01267202  -0.03138039  -0.02079563   0.01391375   0.00000000
20     -0.03972262   0.01292009  -0.03184225  -0.02080047   0.01398352   0.00000000
24     -0.03987410   0.01309822  -0.03217034  -0.02080198   0.01402860   0.00000000
28     -0.04001854   0.01322940  -0.03244372  -0.02080422   0.01404879   0.00000000
32     -0.04010481   0.01332968  -0.03263136  -0.02080312   0.01407054   0.00000000
nwqz   -0.04035477   0.01367222  -0.03324005  -0.02078693   0.01414175   0.00000000
