# H2CO    
#HF@QZ: -113.92051556
#HF@6Z: -113.92244100
#          Ccsd         Ppl          Mp2          Rest         cPpl         (T)         
[56]   -0.44684700   0.11336600  -0.44863100  -0.11158200   0.00000000  -0.01966500
12     -0.42039771   0.09878705  -0.41052578  -0.10865898   0.10935671  -0.01748100
16     -0.42752248   0.10230567  -0.41991277  -0.10991537   0.11055786  -0.01825993
20     -0.43044250   0.10393766  -0.42403709  -0.11034307   0.11107062   0.00000000
24     -0.43193716   0.10487975  -0.42631243  -0.11050448   0.11136988   0.00000000
28     -0.43264760   0.10542707  -0.42750582  -0.11056884   0.11156630   0.00000000
32     -0.43291307   0.10564416  -0.42796346  -0.11059376   0.11165187   0.00000000
nwqz   -0.43300996   0.10573356  -0.42813178  -0.11061173   0.11169147  -0.01881239
