# H2O     
#HF@QZ: -76.06564881
#HF@6Z: -76.06710700
#          Ccsd         Ppl          Mp2          Rest         cPpl         (T)         
[56]   -0.29842000   0.06836500  -0.30048600  -0.06629900   0.00000000  -0.00992300
12     -0.28130343   0.05944035  -0.27612981  -0.06461397   0.06583143  -0.00872707
16     -0.28522902   0.06134145  -0.28140016  -0.06517031   0.06652615  -0.00909482
20     -0.28702905   0.06229581  -0.28389382  -0.06543103   0.06685408   0.00000000
24     -0.28790857   0.06285211  -0.28524261  -0.06551807   0.06705716   0.00000000
28     -0.28828755   0.06312958  -0.28586667  -0.06555046   0.06716842   0.00000000
32     -0.28844312   0.06326021  -0.28614117  -0.06556216   0.06722649   0.00000000
nwqz   -0.28851319   0.06332247  -0.28625803  -0.06557763   0.06725697  -0.00941395
