# H2O2    
#HF@QZ: -150.84880954
#HF@6Z: -150.85149500
#          Ccsd         Ppl          Mp2          Rest         cPpl         (T)         
[56]   -0.56295700   0.13199100  -0.56973100  -0.12521700   0.00000000  -0.02293500
12     -0.53025244   0.11588559  -0.52427388  -0.12186414   0.12768134  -0.02041989
16     -0.53859949   0.11960489  -0.53504060  -0.12316378   0.12890209  -0.02125752
20     -0.54173741   0.12116505  -0.53927267  -0.12362979   0.12939250   0.00000000
24     -0.54312801   0.12200971  -0.54135161  -0.12378611   0.12969387   0.00000000
28     -0.54362437   0.12234640  -0.54212266  -0.12384812   0.12983906   0.00000000
32     -0.54372531   0.12242363  -0.54227245  -0.12387648   0.12987721   0.00000000
nwqz   -0.54373432   0.12242883  -0.54228148  -0.12388166   0.12987999  -0.02181310
