# H2O[1]  
#HF@QZ: -75.66393963
#HF@6Z: -75.66541900
#          Ccsd         Ppl          Mp2          Rest         cPpl         (T)         
[56]   -0.23792100   0.05323200  -0.22790200  -0.06325000   0.00000000  -0.00607900
12     -0.22503492   0.04664439  -0.20981911  -0.06186020   0.05089112  -0.00533209
16     -0.22768019   0.04798940  -0.21337411  -0.06229548   0.05147628  -0.00555677
20     -0.22874542   0.04858839  -0.21484018  -0.06249364   0.05173631   0.00000000
24     -0.22917609   0.04888165  -0.21549122  -0.06256653   0.05187073   0.00000000
28     -0.22936943   0.04903245  -0.21581427  -0.06258761   0.05194438   0.00000000
32     -0.22943201   0.04909200  -0.21592836  -0.06259564   0.05197504   0.00000000
nwqz   -0.22944864   0.04910729  -0.21595442  -0.06260152   0.05198357  -0.00571452
