# H2S     
#HF@QZ: -398.71939336
#HF@6Z: -398.72025400
#          Ccsd         Ppl          Mp2          Rest         cPpl         (T)         
[56]   -0.23730800   0.07300500  -0.22104400  -0.08926900   0.00000000  -0.01023200
12     -0.22416912   0.06261845  -0.19934666  -0.08744091   0.06952302  -0.00879965
16     -0.22722147   0.06475391  -0.20393526  -0.08804012   0.07026208  -0.00921671
20     -0.22849363   0.06575858  -0.20600148  -0.08825073   0.07059884   0.00000000
24     -0.22915112   0.06634105  -0.20716143  -0.08833073   0.07079448   0.00000000
28     -0.22952598   0.06670801  -0.20785346  -0.08838053   0.07092503   0.00000000
32     -0.22973816   0.06693037  -0.20825687  -0.08841166   0.07100896   0.00000000
nwqz   -0.22997762   0.06716213  -0.20855899  -0.08858076   0.07113686  -0.00960040
