# HCHO    
#HF@QZ: -113.92051415
#HF@6Z: -113.92244000
#          Ccsd         Ppl          Mp2          Rest         cPpl         (T)         
[56]   -0.44684800   0.11336700  -0.44863200  -0.11158300   0.00000000  -0.01966500
12     -0.42039868   0.09878780  -0.41052703  -0.10865946   0.10935762  -0.01748125
16     -0.42752346   0.10230643  -0.41991404  -0.10991586   0.11055874  -0.01826019
20     -0.43044348   0.10393843  -0.42403836  -0.11034355   0.11107149   0.00000000
24     -0.43193815   0.10488052  -0.42631370  -0.11050496   0.11137074   0.00000000
28     -0.43264858   0.10542785  -0.42750710  -0.11056933   0.11156716   0.00000000
32     -0.43291406   0.10564494  -0.42796474  -0.11059425   0.11165274   0.00000000
nwqz   -0.43301095   0.10573434  -0.42813307  -0.11061222   0.11169233  -0.01881265
