# HCl     
#HF@QZ: -460.11204410
#HF@6Z: -460.11282700
#          Ccsd         Ppl          Mp2          Rest         cPpl         (T)         
[56]   -0.25451900   0.07243900  -0.24187400  -0.08508300   0.00000000  -0.01079100
12     -0.23962559   0.06232542  -0.21902636  -0.08292466   0.06836265  -0.00928920
16     -0.24234392   0.06401845  -0.22294568  -0.08341669   0.06898366  -0.00964147
20     -0.24321776   0.06470526  -0.22437716  -0.08354586   0.06925469   0.00000000
24     -0.24356947   0.06502709  -0.22493607  -0.08366048   0.06940734   0.00000000
28     -0.24384699   0.06525892  -0.22522479  -0.08388113   0.06955762   0.00000000
32     -0.24386223   0.06527608  -0.22525501  -0.08388330   0.06956543   0.00000000
nwqz   -0.24386223   0.06527608  -0.22525501  -0.08388330   0.06956543  -0.00991338
