# HCl[1]  
#HF@QZ: -459.68906319
#HF@6Z: -459.68991300
#          Ccsd         Ppl          Mp2          Rest         cPpl         (T)         
[56]   -0.20991300   0.06039400  -0.19075500  -0.07955200   0.00000000  -0.00781100
12     -0.19877683   0.05274226  -0.17366123  -0.07785786   0.05686438  -0.00678515
16     -0.20031058   0.05381707  -0.17593000  -0.07819766   0.05733950  -0.00699159
20     -0.20082594   0.05423249  -0.17676190  -0.07829652   0.05752352   0.00000000
24     -0.20114168   0.05452560  -0.17710658  -0.07856070   0.05771748   0.00000000
28     -0.20125222   0.05461582  -0.17723205  -0.07863599   0.05777506   0.00000000
32     -0.20125828   0.05462161  -0.17724146  -0.07863843   0.05777815   0.00000000
nwqz   -0.20125828   0.05462161  -0.17724146  -0.07863843   0.05777815  -0.00716000
