# HCN     
#HF@QZ: -92.91206303
#HF@6Z: -92.91333700
#          Ccsd         Ppl          Mp2          Rest         cPpl         (T)         
[56]   -0.38126900   0.11122000  -0.38864500  -0.10384300   0.00000000  -0.02079800
12     -0.36080038   0.09840745  -0.35758312  -0.10162472   0.10839799  -0.01879352
16     -0.36631205   0.10141360  -0.36514768  -0.10257798   0.10927320  -0.01946420
20     -0.36907200   0.10316152  -0.36926488  -0.10296864   0.10973142   0.00000000
24     -0.37021845   0.10396633  -0.37111064  -0.10307413   0.10993246   0.00000000
28     -0.37080423   0.10442424  -0.37210650  -0.10312197   0.11005363   0.00000000
32     -0.37107382   0.10463874  -0.37256792  -0.10314464   0.11012341   0.00000000
nwqz   -0.37113251   0.10469569  -0.37267601  -0.10315219   0.11014428  -0.02003481
