# HCO     
#HF@QZ: -113.30107985
#HF@6Z: -113.30294700
#          Ccsd         Ppl          Mp2          Rest         cPpl         (T)         
[56]   -0.41407500   0.10413600  -0.41810900  -0.10010300   0.00000000  -0.02007600
12     -0.39207849   0.09211193  -0.38657124  -0.09761917   0.09978542  -0.01822334
16     -0.39736021   0.09485242  -0.39359221  -0.09862042   0.10093153  -0.01883099
20     -0.39946561   0.09604032  -0.39660000  -0.09890594   0.10137675   0.00000000
24     -0.40035473   0.09666207  -0.39798566  -0.09903114   0.10163079   0.00000000
28     -0.40065915   0.09688999  -0.39846937  -0.09907978   0.10173921   0.00000000
32     -0.40071048   0.09692986  -0.39853976  -0.09910058   0.10176013   0.00000000
nwqz   -0.40071171   0.09693026  -0.39854010  -0.09910188   0.10176044  -0.01920238
