# HCOOH   
#HF@QZ: -188.85601137
#HF@6Z: -188.85918700
#          Ccsd         Ppl          Mp2          Rest         cPpl         (T)         
[56]   -0.70546100   0.16514200  -0.71877100  -0.15183100   0.00000000  -0.03141000
12     -0.66341454   0.14380992  -0.66011071  -0.14711375   0.15913092  -0.02806562
16     -0.67437622   0.14884517  -0.67414183  -0.14907955   0.16088677  -0.02923348
20     -0.67875286   0.15107415  -0.68012944  -0.14969757   0.16159636   0.00000000
24     -0.68075639   0.15229022  -0.68311123  -0.14993538   0.16201348   0.00000000
28     -0.68148309   0.15278590  -0.68425265  -0.15001635   0.16221358   0.00000000
32     -0.68164352   0.15291180  -0.68450998  -0.15004533   0.16227233   0.00000000
nwqz   -0.68165758   0.15292148  -0.68452757  -0.15005149   0.16227710  -0.03001351
