# HF      
#HF@QZ: -100.06830288
#HF@6Z: -100.07051100
#          Ccsd         Ppl          Mp2          Rest         cPpl         (T)         
[56]   -0.31443400   0.06162700  -0.31960000  -0.05646100   0.00000000  -0.00888900
12     -0.29515609   0.05350551  -0.29409798  -0.05456362   0.05887087  -0.00781724
16     -0.29875478   0.05500448  -0.29871651  -0.05504274   0.05947816  -0.00813237
20     -0.30021377   0.05569377  -0.30065039  -0.05525715   0.05976320   0.00000000
24     -0.30067466   0.05597774  -0.30134633  -0.05530608   0.05989792   0.00000000
28     -0.30074639   0.05602649  -0.30144340  -0.05532948   0.05992568   0.00000000
32     -0.30074936   0.05602843  -0.30144703  -0.05533076   0.05992679   0.00000000
nwqz   -0.30074936   0.05602843  -0.30144703  -0.05533076   0.05992679  -0.00831297
