# HF[1]   
#HF@QZ: -99.54521702
#HF@6Z: -99.54753100
#          Ccsd         Ppl          Mp2          Rest         cPpl         (T)         
[56]   -0.24843500   0.04705400  -0.24073600  -0.05475400   0.00000000  -0.00530900
12     -0.23348070   0.04097013  -0.22120650  -0.05324433   0.04451159  -0.00466256
16     -0.23572580   0.04195781  -0.22410485  -0.05357876   0.04498071  -0.00482466
20     -0.23639179   0.04230183  -0.22498545  -0.05370816   0.04515853   0.00000000
24     -0.23657008   0.04242214  -0.22525781  -0.05373441   0.04522787   0.00000000
28     -0.23658855   0.04243622  -0.22528252  -0.05374225   0.04523683   0.00000000
32     -0.23658927   0.04243663  -0.22528321  -0.05374270   0.04523711   0.00000000
nwqz   -0.23658927   0.04243663  -0.22528321  -0.05374270   0.04523711  -0.00490261
