# HNCO    
#HF@QZ: -167.84095851
#HF@6Z: -167.84351800
#          Ccsd         Ppl          Mp2          Rest         cPpl         (T)         
[56]   -0.63587400   0.15748800  -0.65581900  -0.13754300   0.00000000  -0.03364000
12     -0.59904767   0.13788017  -0.60358967  -0.13333817   0.15220755  -0.03042240
16     -0.60913133   0.14262738  -0.61660173  -0.13515699   0.15380256  -0.03157617
20     -0.61297453   0.14474874  -0.62201023  -0.13571304   0.15446374   0.00000000
24     -0.61489916   0.14588913  -0.62486923  -0.13591906   0.15481130   0.00000000
28     -0.61555873   0.14633951  -0.62591214  -0.13598609   0.15498054   0.00000000
32     -0.61566328   0.14642286  -0.62608606  -0.13600007   0.15501665   0.00000000
nwqz   -0.61566660   0.14642513  -0.62609044  -0.13600129   0.15501765  -0.03234247
