# HOCl    
#HF@QZ: -534.93224631
#HF@6Z: -534.93445600
#          Ccsd         Ppl          Mp2          Rest         cPpl         (T)         
[56]   -0.51824800   0.13216800  -0.51349200  -0.13692400   0.00000000  -0.02349000
12     -0.48770408   0.11499913  -0.46953326  -0.13316996   0.12608961  -0.02069590
16     -0.49436462   0.11827851  -0.47838329  -0.13425985   0.12723832  -0.02149100
20     -0.49675194   0.11962115  -0.48174298  -0.13463011   0.12771680   0.00000000
24     -0.49759148   0.12019108  -0.48289443  -0.13488813   0.12798584   0.00000000
28     -0.49780127   0.12034329  -0.48311847  -0.13502609   0.12808071   0.00000000
32     -0.49780201   0.12034373  -0.48311913  -0.13502660   0.12808095   0.00000000
nwqz   -0.49780201   0.12034373  -0.48311913  -0.13502660   0.12808095  -0.02198551
