# N       
#HF@QZ: -54.40381952
#HF@6Z: -54.40453800
#          Ccsd         Ppl          Mp2          Rest         cPpl         (T)         
[56]   -0.12249200   0.02991100  -0.11043300  -0.04197100   0.00000000  -0.00312200
12     -0.11800049   0.02703413  -0.10364822  -0.04138639   0.02874443  -0.00280545
16     -0.11867503   0.02745727  -0.10447707  -0.04165523   0.02897579  -0.00288316
20     -0.11879156   0.02753154  -0.10462186  -0.04170124   0.02901512   0.00000000
24     -0.11879156   0.02753154  -0.10462186  -0.04170124   0.02901512   0.00000000
28     -0.11879156   0.02753154  -0.10462186  -0.04170124   0.02901512   0.00000000
32     -0.11879156   0.02753154  -0.10462186  -0.04170124   0.02901512   0.00000000
nwqz   -0.11879156   0.02753154  -0.10462186  -0.04170124   0.02901512  -0.00289974
