# N2_Sym2Pu
#HF@QZ: -108.98749363
#HF@6Z: -108.98904700
#          Ccsd         Ppl          Mp2          Rest         cPpl         (T)         
[56]   -0.41048500   0.11547400  -0.42461800  -0.10134100   0.00000000  -0.02197900
12     -0.38858329   0.10308838  -0.39268227  -0.09898940   0.11263145  -0.01997415
16     -0.39432052   0.10601002  -0.40042210  -0.09990845   0.11348184  -0.02062672
20     -0.39681600   0.10745580  -0.40405244  -0.10021935   0.11384002   0.00000000
24     -0.39780781   0.10810486  -0.40558971  -0.10032295   0.11401423   0.00000000
28     -0.39818620   0.10834309  -0.40615924  -0.10037006   0.11409666   0.00000000
32     -0.39819568   0.10834975  -0.40617252  -0.10037290   0.11409930   0.00000000
nwqz   -0.39819568   0.10834975  -0.40617252  -0.10037290   0.11409930  -0.02108381
