# N2_Sym2Sg[1]
#HF@QZ: -108.40878338
#HF@6Z: -108.41034000
#          Ccsd         Ppl          Mp2          Rest         cPpl         (T)         
[56]   -0.40934600   0.13112300  -0.43531400  -0.10515500   0.00000000  -0.02747800
12     -0.39240916   0.12085993  -0.40958540  -0.10368370   0.12836833  -0.02560437
16     -0.39652657   0.12319253  -0.41547000  -0.10424910   0.12905868  -0.02615495
20     -0.39831225   0.12433512  -0.41820718  -0.10444019   0.12937509   0.00000000
24     -0.39894100   0.12474849  -0.41920677  -0.10448273   0.12949598   0.00000000
28     -0.39908990   0.12484869  -0.41942706  -0.10451153   0.12953605   0.00000000
32     -0.39909388   0.12485155  -0.41943205  -0.10451338   0.12953739   0.00000000
nwqz   -0.39909388   0.12485155  -0.41943205  -0.10451338   0.12953739  -0.02651725
