# N[1]    
#HF@QZ: -53.89323863
#HF@6Z: -53.89394000
#          Ccsd         Ppl          Mp2          Rest         cPpl         (T)         
[56]   -0.10055200   0.02929400  -0.08272100  -0.04712500   0.00000000  -0.00197800
12     -0.09633086   0.02640534  -0.07639887  -0.04633733   0.02817031  -0.00169291
16     -0.09727407   0.02714390  -0.07755686  -0.04686111   0.02859919  -0.00180543
20     -0.09753409   0.02731977  -0.07790497  -0.04694888   0.02868812   0.00000000
24     -0.09757395   0.02735684  -0.07797074  -0.04696004   0.02870575   0.00000000
28     -0.09757694   0.02735868  -0.07797286  -0.04696276   0.02870700   0.00000000
32     -0.09757694   0.02735868  -0.07797286  -0.04696276   0.02870700   0.00000000
nwqz   -0.09757694   0.02735868  -0.07797286  -0.04696276   0.02870700  -0.00183742
