# NH      
#HF@QZ: -54.98567786
#HF@6Z: -54.98647000
#          Ccsd         Ppl          Mp2          Rest         cPpl         (T)         
[56]   -0.17071100   0.04289800  -0.15644700  -0.05716300   0.00000000  -0.00487600
12     -0.16311555   0.03802491  -0.14495189  -0.05618857   0.04119995  -0.00433549
16     -0.16475432   0.03904815  -0.14729607  -0.05650641   0.04161680  -0.00449480
20     -0.16545190   0.03952789  -0.14828350  -0.05669629   0.04182872   0.00000000
24     -0.16576252   0.03975841  -0.14874932  -0.05677160   0.04193017   0.00000000
28     -0.16582163   0.03981703  -0.14885848  -0.05678018   0.04195657   0.00000000
32     -0.16582853   0.03982013  -0.14886236  -0.05678631   0.04195854   0.00000000
nwqz   -0.16582853   0.03982013  -0.14886236  -0.05678631   0.04195854  -0.00460697
