# NH2     
#HF@QZ: -55.59145578
#HF@6Z: -55.59233900
#          Ccsd         Ppl          Mp2          Rest         cPpl         (T)         
[56]   -0.22079100   0.05647900  -0.20937600  -0.06789400   0.00000000  -0.00703900
12     -0.20958613   0.04933255  -0.19228813  -0.06663056   0.05421562  -0.00620077
16     -0.21236297   0.05096070  -0.19625595  -0.06706773   0.05485141  -0.00645724
20     -0.21365536   0.05178310  -0.19812720  -0.06731127   0.05515670   0.00000000
24     -0.21431493   0.05225364  -0.19914798  -0.06742059   0.05533556   0.00000000
28     -0.21467384   0.05255300  -0.19976486  -0.06746198   0.05544634   0.00000000
32     -0.21483220   0.05269123  -0.20004770  -0.06747573   0.05550216   0.00000000
nwqz   -0.21490426   0.05276105  -0.20017609  -0.06748923   0.05553354  -0.00671229
