# NH2[-1] 
#HF@QZ: -55.55178883
#HF@6Z: -55.55278700
#          Ccsd         Ppl          Mp2          Rest         cPpl         (T)         
[56]   -0.28128400   0.07654100  -0.28626400  -0.07156100   0.00000000  -0.01367900
12     -0.26586964   0.06639544  -0.26201614  -0.07024894   0.07405792  -0.01196055
16     -0.26991141   0.06866036  -0.26764193  -0.07092984   0.07479294  -0.01250427
20     -0.27210168   0.07005027  -0.27094906  -0.07120290   0.07518837   0.00000000
24     -0.27323236   0.07084246  -0.27277487  -0.07129995   0.07540976   0.00000000
28     -0.27381006   0.07130045  -0.27377154  -0.07133897   0.07554093   0.00000000
32     -0.27415438   0.07159277  -0.27438909  -0.07135805   0.07562920   0.00000000
nwqz   -0.27440195   0.07183086  -0.27486720  -0.07136561   0.07571152  -0.01303272
