# NH3     
#HF@QZ: -56.22397050
#HF@6Z: -56.22495700
#          Ccsd         Ppl          Mp2          Rest         cPpl         (T)         
[56]   -0.26947700   0.06920100  -0.26429400  -0.07438400   0.00000000  -0.00933300
12     -0.25436280   0.05970257  -0.24121722  -0.07284815   0.06694964  -0.00814589
16     -0.25827327   0.06185831  -0.24663461  -0.07349696   0.06767032  -0.00852274
20     -0.26032764   0.06309252  -0.24964724  -0.07377292   0.06804484   0.00000000
24     -0.26144232   0.06383138  -0.25137999  -0.07389370   0.06825968   0.00000000
28     -0.26206455   0.06430115  -0.25242899  -0.07393671   0.06840422   0.00000000
32     -0.26243319   0.06461590  -0.25309530  -0.07395379   0.06850389   0.00000000
nwqz   -0.26280411   0.06496637  -0.25379560  -0.07397488   0.06863150  -0.00895498
