# NO      
#HF@QZ: -129.30559500
#HF@6Z: -129.30768900
#          Ccsd         Ppl          Mp2          Rest         cPpl         (T)         
[56]   -0.44662300   0.11174900  -0.44824600  -0.11012600   0.00000000  -0.02202200
12     -0.42336011   0.09985206  -0.41596096  -0.10725120   0.10738624  -0.02011237
16     -0.42901090   0.10260570  -0.42326419  -0.10835242   0.10846966  -0.02072740
20     -0.43073458   0.10353752  -0.42567957  -0.10859252   0.10880269   0.00000000
24     -0.43132722   0.10388542  -0.42648329  -0.10872935   0.10896432   0.00000000
28     -0.43133578   0.10388985  -0.42649156  -0.10873408   0.10896693   0.00000000
32     -0.43133578   0.10388985  -0.42649156  -0.10873408   0.10896693   0.00000000
nwqz   -0.43133578   0.10388985  -0.42649156  -0.10873408   0.10896693  -0.02099063
