# O       
#HF@QZ: -74.81763962
#HF@6Z: -74.81896100
#          Ccsd         Ppl          Mp2          Rest         cPpl         (T)         
[56]   -0.18173300   0.03802600  -0.17015300  -0.04960600   0.00000000  -0.00420000
12     -0.17235226   0.03342004  -0.15728965  -0.04848265   0.03605822  -0.00371949
16     -0.17348776   0.03402378  -0.15873003  -0.04878150   0.03637140  -0.00383159
20     -0.17377344   0.03417046  -0.15908390  -0.04886001   0.03645257   0.00000000
24     -0.17377344   0.03417046  -0.15908390  -0.04886001   0.03645257   0.00000000
28     -0.17377344   0.03417046  -0.15908390  -0.04886001   0.03645257   0.00000000
32     -0.17377344   0.03417046  -0.15908390  -0.04886001   0.03645257   0.00000000
nwqz   -0.17377344   0.03417046  -0.15908390  -0.04886001   0.03645257  -0.00386919
