# O2      
#HF@QZ: -149.67751270
#HF@6Z: -149.68019900
#          Ccsd         Ppl          Mp2          Rest         cPpl         (T)         
[56]   -0.49438900   0.11769200  -0.50655400  -0.10552800   0.00000000  -0.02341700
12     -0.46992643   0.10611724  -0.47327240  -0.10277127   0.11344411  -0.02148145
16     -0.47494666   0.10830320  -0.47965799  -0.10359187   0.11425295  -0.02200600
20     -0.47634942   0.10903934  -0.48153441  -0.10385435   0.11456207   0.00000000
24     -0.47642899   0.10907485  -0.48161394  -0.10388990   0.11458266   0.00000000
28     -0.47642899   0.10907485  -0.48161394  -0.10388990   0.11458266   0.00000000
32     -0.47642899   0.10907485  -0.48161394  -0.10388990   0.11458266   0.00000000
nwqz   -0.47642899   0.10907485  -0.48161394  -0.10388990   0.11458266  -0.02218272
