# O2[1]   
#HF@QZ: -149.21813875
#HF@6Z: -149.22092600
#          Ccsd         Ppl          Mp2          Rest         cPpl         (T)         
[56]   -0.50421600   0.13754800  -0.53515200  -0.10661200   0.00000000  -0.02718200
12     -0.47979941   0.12586336  -0.50134063  -0.10432213   0.13376626  -0.02510926
16     -0.48575531   0.12853798  -0.50913153  -0.10516176   0.13466343  -0.02576178
20     -0.48714112   0.12926019  -0.51109711  -0.10530420   0.13489328   0.00000000
24     -0.48753188   0.12947244  -0.51163978  -0.10536454   0.13498460   0.00000000
28     -0.48753664   0.12947430  -0.51164340  -0.10536755   0.13498563   0.00000000
32     -0.48753664   0.12947430  -0.51164340  -0.10536755   0.13498563   0.00000000
nwqz   -0.48753664   0.12947430  -0.51164340  -0.10536755   0.13498563  -0.02594981
