# O[-1]   
#HF@QZ: -74.79661295
#HF@6Z: -74.79783700
#          Ccsd         Ppl          Mp2          Rest         cPpl         (T)         
[56]   -0.25003200   0.05681500  -0.24895800  -0.05788800   0.00000000  -0.01035700
12     -0.23639122   0.04972924  -0.22983163  -0.05628883   0.05393476  -0.00905144
16     -0.23929133   0.05110947  -0.23350691  -0.05689389   0.05450990  -0.00947645
20     -0.24043785   0.05173302  -0.23493234  -0.05723853   0.05482485   0.00000000
24     -0.24043785   0.05173302  -0.23493234  -0.05723853   0.05482485   0.00000000
28     -0.24043785   0.05173302  -0.23493234  -0.05723853   0.05482485   0.00000000
32     -0.24043785   0.05173302  -0.23493234  -0.05723853   0.05482485   0.00000000
nwqz   -0.24043785   0.05173302  -0.23493234  -0.05723853   0.05482485  -0.00965251
