# O[1]    
#HF@QZ: -74.37573221
#HF@6Z: -74.37711300
#          Ccsd         Ppl          Mp2          Rest         cPpl         (T)         
[56]   -0.12605000   0.02620000  -0.11437800  -0.03787200   0.00000000  -0.00216800
12     -0.12040507   0.02348694  -0.10662696  -0.03726505   0.02508267  -0.00191422
16     -0.12091028   0.02374195  -0.10724531  -0.03740692   0.02522756  -0.00195449
20     -0.12095700   0.02376953  -0.10730267  -0.03742386   0.02524325   0.00000000
24     -0.12095700   0.02376953  -0.10730267  -0.03742386   0.02524325   0.00000000
28     -0.12095700   0.02376953  -0.10730267  -0.03742386   0.02524325   0.00000000
32     -0.12095700   0.02376953  -0.10730267  -0.03742386   0.02524325   0.00000000
nwqz   -0.12095700   0.02376953  -0.10730267  -0.03742386   0.02524325  -0.00195952
