# OH      
#HF@QZ: -75.42666021
#HF@6Z: -75.42803100
#          Ccsd         Ppl          Mp2          Rest         cPpl         (T)         
[56]   -0.24040300   0.05337000  -0.23276100  -0.06101100   0.00000000  -0.00689200
12     -0.22731038   0.04666408  -0.21440715  -0.05956731   0.05082017  -0.00608315
16     -0.22986454   0.04795045  -0.21785839  -0.05995661   0.05136359  -0.00631301
20     -0.23091035   0.04854926  -0.21926418  -0.06019543   0.05164189   0.00000000
24     -0.23130500   0.04882070  -0.21987583  -0.06024987   0.05176803   0.00000000
28     -0.23137061   0.04887485  -0.21997984  -0.06026561   0.05179688   0.00000000
32     -0.23137765   0.04887768  -0.21998427  -0.06027105   0.05179865   0.00000000
nwqz   -0.23137765   0.04887768  -0.21998427  -0.06027105   0.05179865  -0.00647130
