# OH[-1]  
#HF@QZ: -75.41680817
#HF@6Z: -75.41813400
#          Ccsd         Ppl          Mp2          Rest         cPpl         (T)         
[56]   -0.31043800   0.07402200  -0.32338900  -0.06107100   0.00000000  -0.01418100
12     -0.29280319   0.06466020  -0.29804040  -0.05942299   0.07127410  -0.01244623
16     -0.29706490   0.06665890  -0.30355797  -0.06016583   0.07196298  -0.01301671
20     -0.29913010   0.06779432  -0.30655596  -0.06036846   0.07233426   0.00000000
24     -0.29987742   0.06828420  -0.30772701  -0.06043461   0.07250831   0.00000000
28     -0.30011597   0.06846367  -0.30811260  -0.06046705   0.07258344   0.00000000
32     -0.30013928   0.06848582  -0.30815500  -0.06047010   0.07259449   0.00000000
nwqz   -0.30013928   0.06848582  -0.30815500  -0.06047010   0.07259449  -0.01338453
