# OH[1]   
#HF@QZ: -75.00955986
#HF@6Z: -75.01098900
#          Ccsd         Ppl          Mp2          Rest         cPpl         (T)         
[56]   -0.18120100   0.03950200  -0.16735000  -0.05335300   0.00000000  -0.00389900
12     -0.17210111   0.03495228  -0.15473264  -0.05232076   0.03778162  -0.00344558
16     -0.17363124   0.03576892  -0.15679545  -0.05260470   0.03815904  -0.00356246
20     -0.17408375   0.03605022  -0.15740029  -0.05273368   0.03830310   0.00000000
24     -0.17421874   0.03615194  -0.15761105  -0.05275963   0.03835645   0.00000000
28     -0.17423560   0.03616680  -0.15763663  -0.05276578   0.03836498   0.00000000
32     -0.17423699   0.03616743  -0.15763743  -0.05276699   0.03836542   0.00000000
nwqz   -0.17423699   0.03616743  -0.15763743  -0.05276699   0.03836542  -0.00361890
