# P       
#HF@QZ: -340.71874121
#HF@6Z: -340.71925100
#          Ccsd         Ppl          Mp2          Rest         cPpl         (T)         
[56]   -0.10773200   0.03779900  -0.09474100  -0.05079000   0.00000000  -0.00498500
12     -0.10483668   0.03465496  -0.08897324  -0.05051840   0.03640239  -0.00456180
16     -0.10510980   0.03495594  -0.08952229  -0.05054344   0.03651092  -0.00460884
20     -0.10524089   0.03509699  -0.08959767  -0.05074021   0.03662523   0.00000000
24     -0.10524099   0.03509714  -0.08959795  -0.05074019   0.03662527   0.00000000
28     -0.10524099   0.03509714  -0.08959795  -0.05074019   0.03662527   0.00000000
32     -0.10524099   0.03509714  -0.08959795  -0.05074019   0.03662527   0.00000000
nwqz   -0.10524099   0.03509714  -0.08959795  -0.05074019   0.03662527  -0.00464576
