# P2      
#HF@QZ: -681.49668525
#HF@6Z: -681.49780300
#          Ccsd         Ppl          Mp2          Rest         cPpl         (T)         
[56]   -0.32464800   0.11829600  -0.32186100  -0.12108400   0.00000000  -0.02577900
12     -0.30851983   0.10369662  -0.29348988  -0.11872658   0.11363930  -0.02322099
16     -0.31244139   0.10718032  -0.30004392  -0.11957779   0.11481547  -0.02405740
20     -0.31380354   0.10856610  -0.30255054  -0.11981910   0.11522106   0.00000000
24     -0.31445167   0.10921000  -0.30378703  -0.11987464   0.11537622   0.00000000
28     -0.31472767   0.10947718  -0.30417395  -0.12003089   0.11549048   0.00000000
32     -0.31486622   0.10959984  -0.30428245  -0.12018361   0.11557243   0.00000000
nwqz   -0.31486626   0.10959988  -0.30428251  -0.12018363   0.11557245  -0.02461404
