# P[-1]   
#HF@QZ: -340.70696217
#HF@6Z: -340.70741400
#          Ccsd         Ppl          Mp2          Rest         cPpl         (T)         
[56]   -0.14354900   0.04987900  -0.12923000  -0.06419800   0.00000000  -0.00781700
12     -0.13849780   0.04435515  -0.11933060  -0.06352234   0.04756670  -0.00706082
16     -0.13935780   0.04527381  -0.12091254  -0.06371908   0.04791107  -0.00722146
20     -0.13970881   0.04561701  -0.12138703  -0.06393880   0.04808946   0.00000000
24     -0.13971795   0.04562549  -0.12139180  -0.06395165   0.04809634   0.00000000
28     -0.13971795   0.04562549  -0.12139180  -0.06395165   0.04809634   0.00000000
32     -0.13971795   0.04562549  -0.12139180  -0.06395165   0.04809634   0.00000000
nwqz   -0.13971795   0.04562549  -0.12139180  -0.06395165   0.04809634  -0.00733178
