# P[1]    
#HF@QZ: -340.35472560
#HF@6Z: -340.35526900
#          Ccsd         Ppl          Mp2          Rest         cPpl         (T)         
[56]   -0.08721500   0.03308100  -0.07083900  -0.04945600   0.00000000  -0.00285400
12     -0.08467595   0.03021913  -0.06589836  -0.04899673   0.03184385  -0.00254895
16     -0.08507653   0.03067085  -0.06655318  -0.04919420   0.03204486  -0.00262431
20     -0.08524386   0.03083650  -0.06679379  -0.04928657   0.03211656   0.00000000
24     -0.08534485   0.03094188  -0.06683267  -0.04945406   0.03220703   0.00000000
28     -0.08535346   0.03094902  -0.06683862  -0.04946386   0.03221216   0.00000000
32     -0.08535346   0.03094902  -0.06683862  -0.04946386   0.03221216   0.00000000
nwqz   -0.08535346   0.03094902  -0.06683862  -0.04946386   0.03221216  -0.00266438
