# PH      
#HF@QZ: -341.30188188
#HF@6Z: -341.30251900
#          Ccsd         Ppl          Mp2          Rest         cPpl         (T)         
[56]   -0.14049600   0.04636500  -0.12154000  -0.06532100   0.00000000  -0.00567800
12     -0.13510192   0.04117942  -0.11178927  -0.06449207   0.04441811  -0.00506740
16     -0.13620578   0.04213686  -0.11357049  -0.06477215   0.04477293  -0.00522019
20     -0.13667653   0.04261221  -0.11444405  -0.06484469   0.04493955   0.00000000
24     -0.13688243   0.04283893  -0.11483398  -0.06488738   0.04502216   0.00000000
28     -0.13702124   0.04297754  -0.11498609  -0.06501268   0.04510440   0.00000000
32     -0.13706678   0.04301732  -0.11501274  -0.06507135   0.04513548   0.00000000
nwqz   -0.13706678   0.04301732  -0.11501274  -0.06507135   0.04513548  -0.00534621
