# PH2     
#HF@QZ: -341.89248959
#HF@6Z: -341.89325000
#          Ccsd         Ppl          Mp2          Rest         cPpl         (T)         
[56]   -0.17726200   0.05783000  -0.15643000  -0.07866300   0.00000000  -0.00685800
12     -0.16880522   0.05005180  -0.14144045  -0.07741657   0.05520455  -0.00597648
16     -0.17085984   0.05176504  -0.14472999  -0.07789490   0.05586203  -0.00623331
20     -0.17180816   0.05258939  -0.14632660  -0.07807095   0.05614469   0.00000000
24     -0.17235527   0.05312229  -0.14734121  -0.07813635   0.05631882   0.00000000
28     -0.17266652   0.05345176  -0.14794227  -0.07817601   0.05642664   0.00000000
32     -0.17284059   0.05364745  -0.14828901  -0.07819903   0.05649276   0.00000000
nwqz   -0.17304960   0.05385797  -0.14855722  -0.07835035   0.05660369  -0.00650073
