# PH2[-1] 
#HF@QZ: -341.89406356
#HF@6Z: -341.89480000
#          Ccsd         Ppl          Mp2          Rest         cPpl         (T)         
[56]   -0.21768100   0.07291000  -0.20241900  -0.08817100   0.00000000  -0.01080600
12     -0.20606170   0.06194298  -0.18142041  -0.08658427   0.06968761  -0.00930633
16     -0.20923113   0.06447747  -0.18639318  -0.08731542   0.07056176  -0.00978289
20     -0.21061073   0.06571360  -0.18875526  -0.08756907   0.07093422   0.00000000
24     -0.21151009   0.06659492  -0.19041482  -0.08769019   0.07119078   0.00000000
28     -0.21203546   0.06713716  -0.19144624  -0.08772638   0.07133842   0.00000000
32     -0.21233371   0.06745281  -0.19204788  -0.08773864   0.07142398   0.00000000
nwqz   -0.21269613   0.06785271  -0.19268487  -0.08786397   0.07157209  -0.01028856
