# PH3     
#HF@QZ: -342.49400287
#HF@6Z: -342.49488400
#          Ccsd         Ppl          Mp2          Rest         cPpl         (T)         
[56]   -0.21395100   0.06959500  -0.19269000  -0.09085600   0.00000000  -0.00813300
12     -0.20212358   0.05915043  -0.17200003  -0.08927398   0.06675995  -0.00692768
16     -0.20522243   0.06148673  -0.17678319  -0.08992597   0.06753230  -0.00729610
20     -0.20671788   0.06273679  -0.17923855  -0.09021612   0.06791542   0.00000000
24     -0.20759503   0.06352213  -0.18078759  -0.09032957   0.06814294   0.00000000
28     -0.20814221   0.06405234  -0.18183619  -0.09035836   0.06828635   0.00000000
32     -0.20851642   0.06445052  -0.18257563  -0.09039130   0.06840529   0.00000000
nwqz   -0.20910712   0.06509271  -0.18366212  -0.09053770   0.06862924  -0.00774319
