# PH[-1]  
#HF@QZ: -341.29566463
#HF@6Z: -341.29621700
#          Ccsd         Ppl          Mp2          Rest         cPpl         (T)         
[56]   -0.18020900   0.06096600  -0.16421600  -0.07695800   0.00000000  -0.00923000
12     -0.17208072   0.05285245  -0.14917422  -0.07575896   0.05799465  -0.00811684
16     -0.17404330   0.05454997  -0.15236297  -0.07623030   0.05863512  -0.00845029
20     -0.17491894   0.05543829  -0.15396495  -0.07639227   0.05894772   0.00000000
24     -0.17539267   0.05592008  -0.15484424  -0.07646852   0.05910861   0.00000000
28     -0.17560420   0.05615825  -0.15527776  -0.07648469   0.05918234   0.00000000
32     -0.17572581   0.05627262  -0.15537440  -0.07662403   0.05926161   0.00000000
nwqz   -0.17572581   0.05627262  -0.15537440  -0.07662403   0.05926161  -0.00873149
