# PH[1]   
#HF@QZ: -340.94710513
#HF@6Z: -340.94778800
#          Ccsd         Ppl          Mp2          Rest         cPpl         (T)         
[56]   -0.12322100   0.04478300  -0.10183500  -0.06616900   0.00000000  -0.00372900
12     -0.11797902   0.03950462  -0.09218038  -0.06530325   0.04289059  -0.00321660
16     -0.11917584   0.04064928  -0.09430479  -0.06552032   0.04329978  -0.00336388
20     -0.11972237   0.04119610  -0.09519080  -0.06572767   0.04352219   0.00000000
24     -0.12006913   0.04154260  -0.09573796  -0.06587376   0.04366146   0.00000000
28     -0.12021658   0.04171370  -0.09603826  -0.06589202   0.04371709   0.00000000
32     -0.12030798   0.04181551  -0.09617811  -0.06594539   0.04376457   0.00000000
nwqz   -0.12041288   0.04191865  -0.09624992  -0.06608161   0.04384098  -0.00352500
