# PO      
#HF@QZ: -415.63311891
#HF@6Z: -415.63544000
#          Ccsd         Ppl          Mp2          Rest         cPpl         (T)         
[56]   -0.40554400   0.10831000  -0.41066700  -0.10318700   0.00000000  -0.02270400
12     -0.38440916   0.09586374  -0.37959648  -0.10067643   0.10312415  -0.02063358
16     -0.38913012   0.09849436  -0.38600203  -0.10162245   0.10427122  -0.02132585
20     -0.39089182   0.09955786  -0.38861938  -0.10183031   0.10467868   0.00000000
24     -0.39143767   0.09991828  -0.38933760  -0.10201835   0.10486956   0.00000000
28     -0.39147905   0.09994938  -0.38936620  -0.10206223   0.10489353   0.00000000
32     -0.39147905   0.09994938  -0.38936620  -0.10206223   0.10489353   0.00000000
nwqz   -0.39147905   0.09994938  -0.38936620  -0.10206223   0.10489353  -0.02165905
