# PO[-1]  
#HF@QZ: -415.66187782
#HF@6Z: -415.66405300
#          Ccsd         Ppl          Mp2          Rest         cPpl         (T)         
[56]   -0.41777900   0.10727300  -0.42077500  -0.10427800   0.00000000  -0.02279000
12     -0.39695688   0.09482810  -0.39001742  -0.10176757   0.10202118  -0.02065200
16     -0.40123339   0.09715496  -0.39583555  -0.10255281   0.10300066  -0.02129685
20     -0.40284969   0.09817308  -0.39815940  -0.10286337   0.10343302   0.00000000
24     -0.40308363   0.09830958  -0.39839747  -0.10299574   0.10351892   0.00000000
28     -0.40308363   0.09830958  -0.39839747  -0.10299574   0.10351892   0.00000000
32     -0.40308363   0.09830958  -0.39839747  -0.10299574   0.10351892   0.00000000
nwqz   -0.40308363   0.09830958  -0.39839747  -0.10299574   0.10351892  -0.02161302
