# S       
#HF@QZ: -397.51277831
#HF@6Z: -397.51335600
#          Ccsd         Ppl          Mp2          Rest         cPpl         (T)         
[56]   -0.15570100   0.04872300  -0.13845000  -0.06597400   0.00000000  -0.00647100
12     -0.14916780   0.04321827  -0.12739842  -0.06498765   0.04607130  -0.00577142
16     -0.14977224   0.04375539  -0.12840458  -0.06512305   0.04630836  -0.00586545
20     -0.15001089   0.04397071  -0.12856513  -0.06541647   0.04647848   0.00000000
24     -0.15001098   0.04397080  -0.12856530  -0.06541648   0.04647852   0.00000000
28     -0.15001098   0.04397080  -0.12856530  -0.06541648   0.04647852   0.00000000
32     -0.15001098   0.04397080  -0.12856530  -0.06541648   0.04647852   0.00000000
nwqz   -0.15001098   0.04397080  -0.12856530  -0.06541648   0.04647852  -0.00594000
