# S2      
#HF@QZ: -795.10725207
#HF@6Z: -795.10872000
#          Ccsd         Ppl          Mp2          Rest         cPpl         (T)         
[56]   -0.38204000   0.11625100  -0.36797000  -0.13032000   0.00000000  -0.02464700
12     -0.36340171   0.10242551  -0.33845774  -0.12736948   0.11011597  -0.02226014
16     -0.36612756   0.10437893  -0.34259335  -0.12791314   0.11086997  -0.02272423
20     -0.36685328   0.10498371  -0.34360538  -0.12823161   0.11116991   0.00000000
24     -0.36708292   0.10515885  -0.34378547  -0.12845629   0.11129854   0.00000000
28     -0.36708292   0.10515885  -0.34378547  -0.12845629   0.11129854   0.00000000
32     -0.36708292   0.10515885  -0.34378547  -0.12845629   0.11129854   0.00000000
nwqz   -0.36708292   0.10515885  -0.34378547  -0.12845629   0.11129854  -0.02301761
