# S2[-1]  
#HF@QZ: -795.13717929
#HF@6Z: -795.13847200
#          Ccsd         Ppl          Mp2          Rest         cPpl         (T)         
[56]   -0.41248900   0.12586800  -0.40013900  -0.13821900   0.00000000  -0.02595300
12     -0.39092671   0.10941771  -0.36551359  -0.13483082   0.11865929  -0.02307385
16     -0.39471720   0.11208811  -0.37120001  -0.13560530   0.11971474  -0.02376153
20     -0.39590477   0.11309799  -0.37309293  -0.13590983   0.12014185   0.00000000
24     -0.39634524   0.11341020  -0.37347943  -0.13627601   0.12035342   0.00000000
28     -0.39634524   0.11341020  -0.37347943  -0.13627601   0.12035342   0.00000000
32     -0.39634524   0.11341020  -0.37347943  -0.13627601   0.12035342   0.00000000
nwqz   -0.39634524   0.11341020  -0.37347943  -0.13627601   0.12035342  -0.02419786
