# S[-1]   
#HF@QZ: -397.54529927
#HF@6Z: -397.54577600
#          Ccsd         Ppl          Mp2          Rest         cPpl         (T)         
[56]   -0.19633200   0.06141700  -0.18304200  -0.07470800   0.00000000  -0.01001600
12     -0.18711432   0.05349572  -0.16730502  -0.07330502   0.05781490  -0.00886837
16     -0.18842220   0.05461923  -0.16947001  -0.07357142   0.05828698  -0.00909973
20     -0.18900169   0.05513144  -0.17023214  -0.07390099   0.05856994   0.00000000
24     -0.18901448   0.05514061  -0.17023720  -0.07391789   0.05857789   0.00000000
28     -0.18901448   0.05514061  -0.17023720  -0.07391789   0.05857789   0.00000000
32     -0.18901448   0.05514061  -0.17023720  -0.07391789   0.05857789   0.00000000
nwqz   -0.18901448   0.05514061  -0.17023720  -0.07391789   0.05857789  -0.00927226
