# S[1]    
#HF@QZ: -397.17321529
#HF@6Z: -397.17390600
#          Ccsd         Ppl          Mp2          Rest         cPpl         (T)         
[56]   -0.11761000   0.03860200  -0.10302900  -0.05318300   0.00000000  -0.00464500
12     -0.11390858   0.03531272  -0.09646402  -0.05275728   0.03699703  -0.00419350
16     -0.11410621   0.03549309  -0.09681313  -0.05278617   0.03706965  -0.00422093
20     -0.11426476   0.03564739  -0.09686547  -0.05304668   0.03720953   0.00000000
24     -0.11426477   0.03564740  -0.09686550  -0.05304668   0.03720954   0.00000000
28     -0.11426477   0.03564740  -0.09686550  -0.05304668   0.03720954   0.00000000
32     -0.11426477   0.03564740  -0.09686550  -0.05304668   0.03720954   0.00000000
nwqz   -0.11426477   0.03564740  -0.09686550  -0.05304668   0.03720954  -0.00426314
