# SH      
#HF@QZ: -398.11021478
#HF@6Z: -398.11091900
#          Ccsd         Ppl          Mp2          Rest         cPpl         (T)         
[56]   -0.19570800   0.06031600  -0.17760300  -0.07842100   0.00000000  -0.00820100
12     -0.18615997   0.05255085  -0.16172807  -0.07698275   0.05705833  -0.00716915
16     -0.18788429   0.05385078  -0.16438654  -0.07734854   0.05758137  -0.00742346
20     -0.18857021   0.05445754  -0.16555557  -0.07747218   0.05782206   0.00000000
24     -0.18886577   0.05475031  -0.16606351  -0.07755256   0.05794772   0.00000000
28     -0.18905970   0.05493451  -0.16628016  -0.07771405   0.05806243   0.00000000
32     -0.18910590   0.05497278  -0.16632021  -0.07775847   0.05808917   0.00000000
nwqz   -0.18910590   0.05497278  -0.16632021  -0.07775847   0.05808917  -0.00762500
