# SH2     
#HF@QZ: -398.71939332
#HF@6Z: -398.72025400
#          Ccsd         Ppl          Mp2          Rest         cPpl         (T)         
[56]   -0.23730800   0.07300500  -0.22104400  -0.08926900   0.00000000  -0.01023200
12     -0.22416915   0.06261845  -0.19934670  -0.08744090   0.06952303  -0.00879965
16     -0.22722150   0.06475391  -0.20393531  -0.08804011   0.07026209  -0.00921671
20     -0.22849366   0.06575858  -0.20600152  -0.08825072   0.07059884   0.00000000
24     -0.22915115   0.06634105  -0.20716148  -0.08833072   0.07079449   0.00000000
28     -0.22952601   0.06670801  -0.20785350  -0.08838051   0.07092503   0.00000000
32     -0.22973819   0.06693037  -0.20825691  -0.08841165   0.07100897   0.00000000
nwqz   -0.22997765   0.06716213  -0.20855903  -0.08858075   0.07113687  -0.00960040
