# SH2_Sym2B1[1]
#HF@QZ: -398.38102790
#HF@6Z: -398.38194800
#          Ccsd         Ppl          Mp2          Rest         cPpl         (T)         
[56]   -0.19356600   0.05960400  -0.17251200  -0.08065900   0.00000000  -0.00712600
12     -0.18389096   0.05190690  -0.15656658  -0.07923128   0.05668661  -0.00621561
16     -0.18587503   0.05342503  -0.15964547  -0.07965458   0.05729827  -0.00644751
20     -0.18669861   0.05410368  -0.16099719  -0.07980510   0.05755724   0.00000000
24     -0.18711290   0.05448134  -0.16173267  -0.07986157   0.05769750   0.00000000
28     -0.18735529   0.05473547  -0.16218505  -0.07990571   0.05780092   0.00000000
32     -0.18752550   0.05490322  -0.16238341  -0.08004531   0.05790380   0.00000000
nwqz   -0.18762080   0.05499266  -0.16250156  -0.08011190   0.05795547  -0.00667065
