# SH[-1]  
#HF@QZ: -398.14923179
#HF@6Z: -398.14988400
#          Ccsd         Ppl          Mp2          Rest         cPpl         (T)         
[56]   -0.23856900   0.07439400  -0.22856900  -0.08439500   0.00000000  -0.01241000
12     -0.22567270   0.06375925  -0.20688750  -0.08254445   0.07058288  -0.01079133
16     -0.22863464   0.06589702  -0.21136460  -0.08316705   0.07133599  -0.01125027
20     -0.22969150   0.06680824  -0.21315220  -0.08334754   0.07165370   0.00000000
24     -0.23034456   0.06741207  -0.21433564  -0.08342100   0.07185425   0.00000000
28     -0.23057981   0.06765404  -0.21476535  -0.08346849   0.07194689   0.00000000
32     -0.23071446   0.06777327  -0.21487418  -0.08361354   0.07203042   0.00000000
nwqz   -0.23071446   0.06777327  -0.21487418  -0.08361354   0.07203042  -0.01162354
