# SH[1]   
#HF@QZ: -397.77293534
#HF@6Z: -397.77374000
#          Ccsd         Ppl          Mp2          Rest         cPpl         (T)         
[56]   -0.15324900   0.04762500  -0.13326900  -0.06760500   0.00000000  -0.00561200
12     -0.14683607   0.04239311  -0.12264874  -0.06658045   0.04541285  -0.00497218
16     -0.14781400   0.04318324  -0.12413806  -0.06685919   0.04574780  -0.00510927
20     -0.14818228   0.04352790  -0.12478760  -0.06692258   0.04588381   0.00000000
24     -0.14836572   0.04370914  -0.12502484  -0.06705002   0.04598663   0.00000000
28     -0.14847883   0.04381281  -0.12510461  -0.06718704   0.04606640   0.00000000
32     -0.14848556   0.04381810  -0.12511244  -0.06719122   0.04606934   0.00000000
nwqz   -0.14848556   0.04381810  -0.12511244  -0.06719122   0.04606934  -0.00521321
