# Si      
#HF@QZ: -288.85851998
#HF@6Z: -288.85891300
#          Ccsd         Ppl          Mp2          Rest         cPpl         (T)         
[56]   -0.07803700   0.03180600  -0.06360100  -0.04624200   0.00000000  -0.00305900
12     -0.07598063   0.02889172  -0.05894634  -0.04592601   0.03069661  -0.00273584
16     -0.07639109   0.02947713  -0.05978052  -0.04608771   0.03092071  -0.00283413
20     -0.07654241   0.02966985  -0.06008608  -0.04612618   0.03097927   0.00000000
24     -0.07660327   0.02974837  -0.06016277  -0.04618887   0.03102353   0.00000000
28     -0.07664198   0.02978571  -0.06017468  -0.04625301   0.03105621   0.00000000
32     -0.07664198   0.02978571  -0.06017468  -0.04625301   0.03105621   0.00000000
nwqz   -0.07664198   0.02978571  -0.06017468  -0.04625301   0.03105621  -0.00287773
