# Si[-1]  
#HF@QZ: -288.88965442
#HF@6Z: -288.89004000
#          Ccsd         Ppl          Mp2          Rest         cPpl         (T)         
[56]   -0.09633700   0.03690700  -0.08494300  -0.04830100   0.00000000  -0.00564900
12     -0.09415231   0.03382939  -0.07984523  -0.04813648   0.03570526  -0.00521367
16     -0.09445436   0.03425718  -0.08054412  -0.04816742   0.03584948  -0.00528943
20     -0.09462157   0.03444890  -0.08077029  -0.04830018   0.03595119   0.00000000
24     -0.09462476   0.03445196  -0.08077287  -0.04830384   0.03595320   0.00000000
28     -0.09462476   0.03445196  -0.08077287  -0.04830384   0.03595320   0.00000000
32     -0.09462476   0.03445196  -0.08077287  -0.04830384   0.03595320   0.00000000
nwqz   -0.09462476   0.03445196  -0.08077287  -0.04830384   0.03595320  -0.00533448
