# Si[1]   
#HF@QZ: -288.57786216
#HF@6Z: -288.57827500
#          Ccsd         Ppl          Mp2          Rest         cPpl         (T)         
[56]   -0.06091300   0.02732200  -0.04648300  -0.04175200   0.00000000  -0.00126500
12     -0.05911278   0.02459389  -0.04232256  -0.04138411   0.02638964  -0.00110081
16     -0.05950799   0.02523368  -0.04329680  -0.04144487   0.02657644  -0.00114624
20     -0.05967224   0.02551839  -0.04371957  -0.04147106   0.02665595   0.00000000
24     -0.05985960   0.02570180  -0.04388510  -0.04167630   0.02675558   0.00000000
28     -0.05989825   0.02576339  -0.04397627  -0.04168536   0.02677267   0.00000000
32     -0.05991387   0.02578677  -0.04400071  -0.04169993   0.02678339   0.00000000
nwqz   -0.05995531   0.02582952  -0.04401320  -0.04177163   0.02682052  -0.00119693
