# SiH     
#HF@QZ: -289.44238271
#HF@6Z: -289.44290000
#          Ccsd         Ppl          Mp2          Rest         cPpl         (T)         
[56]   -0.11092900   0.04261200  -0.09141200  -0.06212900   0.00000000  -0.00363700
12     -0.10649152   0.03735052  -0.08243075  -0.06141128   0.04090479  -0.00312466
16     -0.10755633   0.03845245  -0.08434959  -0.06165918   0.04129046  -0.00329006
20     -0.10812034   0.03911287  -0.08542152  -0.06181169   0.04152171   0.00000000
24     -0.10849585   0.03953283  -0.08610809  -0.06192059   0.04166235   0.00000000
28     -0.10866644   0.03974711  -0.08646893  -0.06194462   0.04172584   0.00000000
32     -0.10878707   0.03989586  -0.08672645  -0.06195648   0.04176656   0.00000000
nwqz   -0.10892216   0.04004357  -0.08688376  -0.06208197   0.04184732  -0.00346417
