# SiH2_Sym3B1
#HF@QZ: -290.02846014
#HF@6Z: -290.02914900
#          Ccsd         Ppl          Mp2          Rest         cPpl         (T)         
[56]   -0.11940700   0.03966800  -0.10113200  -0.05794300   0.00000000  -0.00380200
12     -0.11467755   0.03486557  -0.09234543  -0.05719768   0.03822210  -0.00334025
16     -0.11577345   0.03584772  -0.09414313  -0.05747804   0.03859300  -0.00347234
20     -0.11635831   0.03643800  -0.09522270  -0.05757361   0.03878923   0.00000000
24     -0.11670792   0.03681477  -0.09590083  -0.05762187   0.03890694   0.00000000
28     -0.11689681   0.03702156  -0.09626977  -0.05764859   0.03896907   0.00000000
32     -0.11702212   0.03717581  -0.09653291  -0.05766502   0.03901582   0.00000000
nwqz   -0.11713966   0.03729444  -0.09667874  -0.05775536   0.03907665  -0.00362253
