# SiH2_Sym1A1
#HF@QZ: -290.03479538
#HF@6Z: -290.03549200
#          Ccsd         Ppl          Mp2          Rest         cPpl         (T)         
[56]   -0.14511300   0.05497700  -0.12337800  -0.07671200   0.00000000  -0.00441100
12     -0.13771674   0.04694007  -0.10899493  -0.07566188   0.05292378  -0.00358421
16     -0.13966465   0.04873583  -0.11231243  -0.07608805   0.05347627  -0.00386218
20     -0.14073644   0.04981749  -0.11418455  -0.07636938   0.05381197   0.00000000
24     -0.14130695   0.05041660  -0.11525321  -0.07647033   0.05397490   0.00000000
28     -0.14173642   0.05090265  -0.11611680  -0.07652227   0.05410623   0.00000000
32     -0.14204582   0.05125932  -0.11675796  -0.07654718   0.05419626   0.00000000
nwqz   -0.14259237   0.05190990  -0.11780710  -0.07669517   0.05439659  -0.00422264
