# SiH4    
#HF@QZ: -291.26769560
#HF@6Z: -291.26860100
#          Ccsd         Ppl          Mp2          Rest         cPpl         (T)         
[56]   -0.18437300   0.06135100  -0.16072300  -0.08500100   0.00000000  -0.00451000
12     -0.17365123   0.05130607  -0.14144348  -0.08351382   0.05902872  -0.00368341
16     -0.17661752   0.05358069  -0.14594490  -0.08425332   0.05976947  -0.00393664
20     -0.17808592   0.05484452  -0.14838206  -0.08454838   0.06012171   0.00000000
24     -0.17892358   0.05559759  -0.14985184  -0.08466932   0.06031953   0.00000000
28     -0.17963891   0.05627936  -0.15119395  -0.08472433   0.06049017   0.00000000
32     -0.18006166   0.05673889  -0.15205492  -0.08474562   0.06059995   0.00000000
nwqz   -0.18101657   0.05780983  -0.15398975  -0.08483666   0.06086470  -0.00432282
