# SiH[-1] 
#HF@QZ: -289.46994279
#HF@6Z: -289.47045700
#          Ccsd         Ppl          Mp2          Rest         cPpl         (T)         
[56]   -0.12710900   0.04559200  -0.10964900  -0.06305200   0.00000000  -0.00604100
12     -0.12254678   0.04018380  -0.10040787  -0.06232270   0.04377857  -0.00539430
16     -0.12371531   0.04138358  -0.10244958  -0.06264932   0.04421062  -0.00558700
20     -0.12423107   0.04199103  -0.10347799  -0.06274412   0.04441514   0.00000000
24     -0.12451915   0.04233124  -0.10404606  -0.06280433   0.04452353   0.00000000
28     -0.12470370   0.04255409  -0.10444015  -0.06281764   0.04458208   0.00000000
32     -0.12478374   0.04263107  -0.10449842  -0.06291639   0.04463512   0.00000000
nwqz   -0.12478374   0.04263107  -0.10449842  -0.06291639   0.04463512  -0.00575357
