# SiO     
#HF@QZ: -363.85076110
#HF@6Z: -363.85300600
#          Ccsd         Ppl          Mp2          Rest         cPpl         (T)         
[56]   -0.37593300   0.10276400  -0.38652200  -0.09217500   0.00000000  -0.02113500
12     -0.35392053   0.08997394  -0.35422430  -0.08967016   0.09835631  -0.01899042
16     -0.35995289   0.09303506  -0.36223104  -0.09075691   0.09950213  -0.01973443
20     -0.36208117   0.09434094  -0.36536918  -0.09105293   0.09995964   0.00000000
24     -0.36309040   0.09503101  -0.36694564  -0.09117578   0.10020585   0.00000000
28     -0.36340374   0.09524615  -0.36737289  -0.09127700   0.10030881   0.00000000
32     -0.36342879   0.09526958  -0.36740224  -0.09129613   0.10032312   0.00000000
nwqz   -0.36342879   0.09526958  -0.36740224  -0.09129613   0.10032312  -0.02025785
