# SO      
#HF@QZ: -472.41607783
#HF@6Z: -472.41844200
#          Ccsd         Ppl          Mp2          Rest         cPpl         (T)         
[56]   -0.43761600   0.11276200  -0.43727400  -0.11310400   0.00000000  -0.02346400
12     -0.41615949   0.10035376  -0.40613079  -0.11038246   0.10743107  -0.02136124
16     -0.41987849   0.10238443  -0.41121142  -0.11105150   0.10827407  -0.02188364
20     -0.42115264   0.10313313  -0.41290013  -0.11138564   0.10862535   0.00000000
24     -0.42126398   0.10321368  -0.41300442  -0.11147324   0.10868153   0.00000000
28     -0.42126398   0.10321368  -0.41300442  -0.11147324   0.10868153   0.00000000
32     -0.42126398   0.10321368  -0.41300442  -0.11147324   0.10868153   0.00000000
nwqz   -0.42126398   0.10321368  -0.41300442  -0.11147324   0.10868153  -0.02213975
