# SO2     
#HF@QZ: -547.31692678
#HF@6Z: -547.32161500
#          Ccsd         Ppl          Mp2          Rest         cPpl         (T)         
[56]   -0.73421600   0.18181500  -0.76294700  -0.15308400   0.00000000  -0.04145200
12     -0.69095319   0.15958713  -0.70258716  -0.14795316   0.17471351  -0.03749127
16     -0.70158776   0.16451037  -0.71622940  -0.14986872   0.17637646  -0.03889395
20     -0.70503467   0.16630732  -0.72106904  -0.15027295   0.17693056   0.00000000
24     -0.70620635   0.16697872  -0.72267020  -0.15051487   0.17719976   0.00000000
28     -0.70623491   0.16699361  -0.72270055  -0.15052797   0.17720677   0.00000000
32     -0.70623491   0.16699361  -0.72270055  -0.15052797   0.17720677   0.00000000
nwqz   -0.70623491   0.16699361  -0.72270055  -0.15052797   0.17720677  -0.03950164
