# SO3     
#HF@QZ: -622.18756206
#HF@6Z: -622.19427200
#          Ccsd         Ppl          Mp2          Rest         cPpl         (T)         
[56]   -0.99255700   0.23336500  -1.03376600  -0.19215600   0.00000000  -0.05281300
12     -0.93264228   0.20418941  -0.95165386  -0.18517782   0.22441840  -0.04767836
16     -0.94749114   0.21068998  -0.97049688  -0.18768424   0.22654668  -0.04949720
20     -0.95203000   0.21298498  -0.97678046  -0.18823451   0.22725742   0.00000000
24     -0.95349696   0.21377187  -0.97879774  -0.18847109   0.22756264   0.00000000
28     -0.95351649   0.21378282  -0.97882097  -0.18847834   0.22756768   0.00000000
32     -0.95351649   0.21378282  -0.97882097  -0.18847834   0.22756768   0.00000000
nwqz   -0.95351649   0.21378282  -0.97882097  -0.18847834   0.22756768  -0.05026005
